Record Length,2.500000e+03,,  -0.000500000000,   0.80000,
Sample Interval,1.000000e-05,,  -0.000490000000,   0.80000,
Trigger Point,5.000000000000e+01,,  -0.000480000000,   0.80000,
,,,  -0.000470000000,   0.00000,
,,,  -0.000460000000,   0.80000,
,,,  -0.000450000000,   0.80000,
Source,CH1,,  -0.000440000000,   0.80000,
Vertical Units,V,,  -0.000430000000,   0.80000,
Vertical Scale,2.000000e+01,,  -0.000420000000,   0.80000,
Vertical Offset,-6.000000e+01,,  -0.000410000000,   0.80000,
Horizontal Units,s,,  -0.000400000000,   0.80000,
Horizontal Scale,2.500000e-03,,  -0.000390000000,   0.80000,
Pt Fmt,Y,,  -0.000380000000,   0.00000,
Yzero,0.000000e+00,,  -0.000370000000,   0.80000,
Probe Atten,1.000000e+01,,  -0.000360000000,   0.80000,
Model Number,TDS1012B,,  -0.000350000000,   0.80000,
Serial Number,C056655,,  -0.000340000000,   0.80000,
Firmware Version,FV:v22.01,,  -0.000330000000,   0.00000,
,,,-00.000320000000,   0.00000,
,,,-00.000310000000,   0.80000,
,,,-00.000300000000,   0.80000,
,,,-00.000290000000,   0.80000,
,,,-00.000280000000,   0.80000,
,,,-00.000270000000,   0.80000,
,,,-00.000260000000,   0.80000,
,,,-00.000250000000,   0.80000,
,,,-00.000240000000,   0.80000,
,,,-00.000230000000,   0.80000,
,,,-00.000220000000,   0.80000,
,,,-00.000210000000,   0.80000,
,,,-00.000200000000,   0.80000,
,,,-00.000190000000,   0.80000,
,,,-00.000180000000,   0.80000,
,,,-00.000170000000,   0.80000,
,,,-00.000160000000,   0.80000,
,,,-00.000150000000,   0.80000,
,,,-00.000140000000,   0.80000,
,,,-00.000130000000,   0.80000,
,,,-00.000120000000,   0.80000,
,,,-00.000110000000,   0.80000,
,,,-00.000100000000,   0.80000,
,,,-00.000090000000,   0.00000,
,,,-00.000080000000,   0.80000,
,,,-00.000070000000,   0.80000,
,,,-00.000060000000,   0.80000,
,,,-00.000050000000,   0.80000,
,,,-00.000040000000,   0.80000,
,,,-00.000030000000,   0.00000,
,,,-00.000020000000,   0.00000,
,,,-00.000010000000,  14.40000,
,,,-00.000000000000,  50.40000,
,,,00.000010000000,  68.80000,
,,,00.000020000000,  78.40000,
,,,00.000030000000,  83.20000,
,,,00.000040000000,  85.60000,
,,,00.000050000000,  86.40000,
,,,00.000060000000,  87.20000,
,,,00.000070000000,  88.00000,
,,,00.000080000000,  88.00000,
,,,00.000090000000,  88.00000,
,,,00.000100000000,  88.00000,
,,,00.000110000000,  88.00000,
,,,00.000120000000,  88.00000,
,,,00.000130000000,  88.00000,
,,,00.000140000000,  88.00000,
,,,00.000150000000,  88.00000,
,,,00.000160000000,  88.00000,
,,,00.000170000000,  88.00000,
,,,00.000180000000,  88.00000,
,,,00.000190000000,  88.00000,
,,,00.000200000000,  88.00000,
,,,00.000210000000,  88.00000,
,,,00.000220000000,  88.00000,
,,,00.000230000000,  88.00000,
,,,00.000240000000,  88.00000,
,,,00.000250000000,  88.00000,
,,,00.000260000000,  88.00000,
,,,00.000270000000,  88.00000,
,,,00.000280000000,  88.00000,
,,,00.000290000000,  88.00000,
,,,00.000300000000,  88.00000,
,,,00.000310000000,  88.00000,
,,,00.000320000000,  88.00000,
,,,00.000330000000,  88.00000,
,,,00.000340000000,  88.00000,
,,,00.000350000000,  88.00000,
,,,00.000360000000,  88.00000,
,,,00.000370000000,  88.00000,
,,,00.000380000000,  88.80000,
,,,00.000390000000,  88.00000,
,,,00.000400000000,  88.00000,
,,,00.000410000000,  88.00000,
,,,00.000420000000,  88.00000,
,,,00.000430000000,  88.00000,
,,,00.000440000000,  88.00000,
,,,00.000450000000,  88.00000,
,,,00.000460000000,  88.00000,
,,,00.000470000000,  88.00000,
,,,00.000480000000,  88.80000,
,,,00.000490000000,  88.00000,
,,,00.000500000000,  88.00000,
,,,00.000510000000,  88.00000,
,,,00.000520000000,  88.00000,
,,,00.000530000000,  88.00000,
,,,00.000540000000,  88.00000,
,,,00.000550000000,  88.00000,
,,,00.000560000000,  88.00000,
,,,00.000570000000,  88.00000,
,,,00.000580000000,  88.00000,
,,,00.000590000000,  88.00000,
,,,00.000600000000,  88.00000,
,,,00.000610000000,  88.00000,
,,,00.000620000000,  88.00000,
,,,00.000630000000,  88.00000,
,,,00.000640000000,  88.00000,
,,,00.000650000000,  88.00000,
,,,00.000660000000,  88.00000,
,,,00.000670000000,  88.00000,
,,,00.000680000000,  88.00000,
,,,00.000690000000,  88.00000,
,,,00.000700000000,  88.00000,
,,,00.000710000000,  88.00000,
,,,00.000720000000,  88.00000,
,,,00.000730000000,  88.00000,
,,,00.000740000000,  88.00000,
,,,00.000750000000,  88.00000,
,,,00.000760000000,  88.00000,
,,,00.000770000000,  88.00000,
,,,00.000780000000,  88.00000,
,,,00.000790000000,  88.00000,
,,,00.000800000000,  88.00000,
,,,00.000810000000,  88.00000,
,,,00.000820000000,  88.00000,
,,,00.000830000000,  88.00000,
,,,00.000840000000,  88.80000,
,,,00.000850000000,  88.00000,
,,,00.000860000000,  88.00000,
,,,00.000870000000,  88.00000,
,,,00.000880000000,  88.00000,
,,,00.000890000000,  88.00000,
,,,00.000900000000,  88.00000,
,,,00.000910000000,  88.00000,
,,,00.000920000000,  88.00000,
,,,00.000930000000,  88.80000,
,,,00.000940000000,  88.00000,
,,,00.000950000000,  88.00000,
,,,00.000960000000,  88.80000,
,,,00.000970000000,  88.00000,
,,,00.000980000000,  88.80000,
,,,00.000990000000,  88.00000,
,,,00.001000000000,  88.00000,
,,,00.001010000000,  88.00000,
,,,00.001020000000,  88.80000,
,,,00.001030000000,  88.80000,
,,,00.001040000000,  88.00000,
,,,00.001050000000,  88.80000,
,,,00.001060000000,  88.80000,
,,,00.001070000000,  88.00000,
,,,00.001080000000,  88.00000,
,,,00.001090000000,  88.00000,
,,,00.001100000000,  88.80000,
,,,00.001110000000,  88.00000,
,,,00.001120000000,  88.00000,
,,,00.001130000000,  88.00000,
,,,00.001140000000,  88.80000,
,,,00.001150000000,  88.00000,
,,,00.001160000000,  88.80000,
,,,00.001170000000,  88.80000,
,,,00.001180000000,  88.80000,
,,,00.001190000000,  88.00000,
,,,00.001200000000,  88.00000,
,,,00.001210000000,  88.80000,
,,,00.001220000000,  88.00000,
,,,00.001230000000,  88.80000,
,,,00.001240000000,  88.80000,
,,,00.001250000000,  88.80000,
,,,00.001260000000,  88.00000,
,,,00.001270000000,  88.00000,
,,,00.001280000000,  88.00000,
,,,00.001290000000,  88.80000,
,,,00.001300000000,  88.00000,
,,,00.001310000000,  88.00000,
,,,00.001320000000,  88.80000,
,,,00.001330000000,  88.00000,
,,,00.001340000000,  88.80000,
,,,00.001350000000,  88.00000,
,,,00.001360000000,  88.80000,
,,,00.001370000000,  88.00000,
,,,00.001380000000,  88.00000,
,,,00.001390000000,  88.80000,
,,,00.001400000000,  88.80000,
,,,00.001410000000,  88.00000,
,,,00.001420000000,  88.80000,
,,,00.001430000000,  88.00000,
,,,00.001440000000,  88.80000,
,,,00.001450000000,  88.00000,
,,,00.001460000000,  88.80000,
,,,00.001470000000,  88.00000,
,,,00.001480000000,  88.80000,
,,,00.001490000000,  88.80000,
,,,00.001500000000,  88.00000,
,,,00.001510000000,  88.80000,
,,,00.001520000000,  88.00000,
,,,00.001530000000,  88.00000,
,,,00.001540000000,  88.00000,
,,,00.001550000000,  88.80000,
,,,00.001560000000,  88.80000,
,,,00.001570000000,  88.00000,
,,,00.001580000000,  88.00000,
,,,00.001590000000,  88.00000,
,,,00.001600000000,  88.00000,
,,,00.001610000000,  88.00000,
,,,00.001620000000,  88.80000,
,,,00.001630000000,  88.00000,
,,,00.001640000000,  88.00000,
,,,00.001650000000,  88.00000,
,,,00.001660000000,  88.00000,
,,,00.001670000000,  88.00000,
,,,00.001680000000,  88.80000,
,,,00.001690000000,  88.00000,
,,,00.001700000000,  88.80000,
,,,00.001710000000,  88.00000,
,,,00.001720000000,  88.00000,
,,,00.001730000000,  88.00000,
,,,00.001740000000,  88.80000,
,,,00.001750000000,  88.80000,
,,,00.001760000000,  88.80000,
,,,00.001770000000,  88.00000,
,,,00.001780000000,  88.00000,
,,,00.001790000000,  88.00000,
,,,00.001800000000,  88.80000,
,,,00.001810000000,  88.80000,
,,,00.001820000000,  88.00000,
,,,00.001830000000,  88.00000,
,,,00.001840000000,  88.80000,
,,,00.001850000000,  88.80000,
,,,00.001860000000,  88.80000,
,,,00.001870000000,  88.00000,
,,,00.001880000000,  88.80000,
,,,00.001890000000,  88.00000,
,,,00.001900000000,  88.80000,
,,,00.001910000000,  88.80000,
,,,00.001920000000,  88.00000,
,,,00.001930000000,  88.80000,
,,,00.001940000000,  88.80000,
,,,00.001950000000,  88.80000,
,,,00.001960000000,  88.00000,
,,,00.001970000000,  88.00000,
,,,00.001980000000,  88.00000,
,,,00.001990000000,  88.00000,
,,,00.002000000000,  88.00000,
,,,00.002010000000,  88.80000,
,,,00.002020000000,  88.00000,
,,,00.002030000000,  88.00000,
,,,00.002040000000,  88.00000,
,,,00.002050000000,  88.80000,
,,,00.002060000000,  88.80000,
,,,00.002070000000,  88.00000,
,,,00.002080000000,  88.00000,
,,,00.002090000000,  88.00000,
,,,00.002100000000,  88.00000,
,,,00.002110000000,  88.00000,
,,,00.002120000000,  88.80000,
,,,00.002130000000,  88.80000,
,,,00.002140000000,  88.80000,
,,,00.002150000000,  88.00000,
,,,00.002160000000,  88.00000,
,,,00.002170000000,  88.80000,
,,,00.002180000000,  88.00000,
,,,00.002190000000,  88.80000,
,,,00.002200000000,  88.80000,
,,,00.002210000000,  88.80000,
,,,00.002220000000,  88.00000,
,,,00.002230000000,  88.00000,
,,,00.002240000000,  88.80000,
,,,00.002250000000,  88.00000,
,,,00.002260000000,  88.00000,
,,,00.002270000000,  88.80000,
,,,00.002280000000,  88.80000,
,,,00.002290000000,  88.80000,
,,,00.002300000000,  88.80000,
,,,00.002310000000,  88.80000,
,,,00.002320000000,  88.80000,
,,,00.002330000000,  88.00000,
,,,00.002340000000,  88.80000,
,,,00.002350000000,  88.80000,
,,,00.002360000000,  88.00000,
,,,00.002370000000,  88.80000,
,,,00.002380000000,  88.80000,
,,,00.002390000000,  88.00000,
,,,00.002400000000,  88.80000,
,,,00.002410000000,  88.80000,
,,,00.002420000000,  88.00000,
,,,00.002430000000,  88.80000,
,,,00.002440000000,  88.00000,
,,,00.002450000000,  88.00000,
,,,00.002460000000,  88.80000,
,,,00.002470000000,  88.80000,
,,,00.002480000000,  88.00000,
,,,00.002490000000,  88.80000,
,,,00.002500000000,  88.80000,
,,,00.002510000000,  88.00000,
,,,00.002520000000,  88.80000,
,,,00.002530000000,  88.80000,
,,,00.002540000000,  88.80000,
,,,00.002550000000,  88.00000,
,,,00.002560000000,  88.00000,
,,,00.002570000000,  88.00000,
,,,00.002580000000,  88.80000,
,,,00.002590000000,  88.80000,
,,,00.002600000000,  88.80000,
,,,00.002610000000,  88.00000,
,,,00.002620000000,  88.80000,
,,,00.002630000000,  88.00000,
,,,00.002640000000,  88.80000,
,,,00.002650000000,  88.80000,
,,,00.002660000000,  88.80000,
,,,00.002670000000,  88.00000,
,,,00.002680000000,  88.80000,
,,,00.002690000000,  88.00000,
,,,00.002700000000,  88.00000,
,,,00.002710000000,  88.00000,
,,,00.002720000000,  88.80000,
,,,00.002730000000,  88.00000,
,,,00.002740000000,  88.00000,
,,,00.002750000000,  88.00000,
,,,00.002760000000,  88.80000,
,,,00.002770000000,  88.00000,
,,,00.002780000000,  88.80000,
,,,00.002790000000,  88.00000,
,,,00.002800000000,  88.00000,
,,,00.002810000000,  88.00000,
,,,00.002820000000,  88.00000,
,,,00.002830000000,  88.00000,
,,,00.002840000000,  88.80000,
,,,00.002850000000,  88.00000,
,,,00.002860000000,  88.80000,
,,,00.002870000000,  88.00000,
,,,00.002880000000,  88.00000,
,,,00.002890000000,  88.80000,
,,,00.002900000000,  88.00000,
,,,00.002910000000,  88.00000,
,,,00.002920000000,  88.80000,
,,,00.002930000000,  88.00000,
,,,00.002940000000,  88.00000,
,,,00.002950000000,  88.00000,
,,,00.002960000000,  88.80000,
,,,00.002970000000,  88.80000,
,,,00.002980000000,  88.00000,
,,,00.002990000000,  88.00000,
,,,00.003000000000,  88.00000,
,,,00.003010000000,  88.00000,
,,,00.003020000000,  88.00000,
,,,00.003030000000,  88.00000,
,,,00.003040000000,  88.00000,
,,,00.003050000000,  88.00000,
,,,00.003060000000,  88.00000,
,,,00.003070000000,  88.00000,
,,,00.003080000000,  88.80000,
,,,00.003090000000,  88.00000,
,,,00.003100000000,  88.80000,
,,,00.003110000000,  88.00000,
,,,00.003120000000,  88.00000,
,,,00.003130000000,  88.80000,
,,,00.003140000000,  88.00000,
,,,00.003150000000,  88.80000,
,,,00.003160000000,  88.00000,
,,,00.003170000000,  88.00000,
,,,00.003180000000,  88.00000,
,,,00.003190000000,  88.80000,
,,,00.003200000000,  88.00000,
,,,00.003210000000,  88.00000,
,,,00.003220000000,  88.00000,
,,,00.003230000000,  88.80000,
,,,00.003240000000,  88.00000,
,,,00.003250000000,  88.80000,
,,,00.003260000000,  88.80000,
,,,00.003270000000,  88.80000,
,,,00.003280000000,  88.00000,
,,,00.003290000000,  88.80000,
,,,00.003300000000,  88.80000,
,,,00.003310000000,  88.00000,
,,,00.003320000000,  88.80000,
,,,00.003330000000,  88.80000,
,,,00.003340000000,  88.80000,
,,,00.003350000000,  88.80000,
,,,00.003360000000,  88.00000,
,,,00.003370000000,  88.80000,
,,,00.003380000000,  88.80000,
,,,00.003390000000,  88.80000,
,,,00.003400000000,  88.00000,
,,,00.003410000000,  88.00000,
,,,00.003420000000,  88.80000,
,,,00.003430000000,  88.00000,
,,,00.003440000000,  88.80000,
,,,00.003450000000,  88.80000,
,,,00.003460000000,  88.00000,
,,,00.003470000000,  88.00000,
,,,00.003480000000,  88.80000,
,,,00.003490000000,  88.00000,
,,,00.003500000000,  88.80000,
,,,00.003510000000,  88.80000,
,,,00.003520000000,  88.80000,
,,,00.003530000000,  88.00000,
,,,00.003540000000,  88.00000,
,,,00.003550000000,  88.80000,
,,,00.003560000000,  88.80000,
,,,00.003570000000,  88.00000,
,,,00.003580000000,  88.00000,
,,,00.003590000000,  88.80000,
,,,00.003600000000,  88.80000,
,,,00.003610000000,  88.00000,
,,,00.003620000000,  88.00000,
,,,00.003630000000,  88.80000,
,,,00.003640000000,  88.00000,
,,,00.003650000000,  88.00000,
,,,00.003660000000,  88.00000,
,,,00.003670000000,  88.80000,
,,,00.003680000000,  88.80000,
,,,00.003690000000,  88.00000,
,,,00.003700000000,  88.00000,
,,,00.003710000000,  88.00000,
,,,00.003720000000,  88.00000,
,,,00.003730000000,  88.80000,
,,,00.003740000000,  88.80000,
,,,00.003750000000,  88.00000,
,,,00.003760000000,  88.80000,
,,,00.003770000000,  88.80000,
,,,00.003780000000,  88.80000,
,,,00.003790000000,  88.80000,
,,,00.003800000000,  88.00000,
,,,00.003810000000,  88.80000,
,,,00.003820000000,  88.00000,
,,,00.003830000000,  88.00000,
,,,00.003840000000,  88.00000,
,,,00.003850000000,  88.00000,
,,,00.003860000000,  88.00000,
,,,00.003870000000,  88.80000,
,,,00.003880000000,  88.00000,
,,,00.003890000000,  88.80000,
,,,00.003900000000,  88.00000,
,,,00.003910000000,  88.80000,
,,,00.003920000000,  88.80000,
,,,00.003930000000,  88.80000,
,,,00.003940000000,  88.80000,
,,,00.003950000000,  88.80000,
,,,00.003960000000,  88.80000,
,,,00.003970000000,  88.80000,
,,,00.003980000000,  88.00000,
,,,00.003990000000,  88.80000,
,,,00.004000000000,  88.80000,
,,,00.004010000000,  88.00000,
,,,00.004020000000,  88.80000,
,,,00.004030000000,  88.80000,
,,,00.004040000000,  88.00000,
,,,00.004050000000,  88.80000,
,,,00.004060000000,  88.80000,
,,,00.004070000000,  88.00000,
,,,00.004080000000,  88.00000,
,,,00.004090000000,  88.80000,
,,,00.004100000000,  88.80000,
,,,00.004110000000,  88.00000,
,,,00.004120000000,  88.00000,
,,,00.004130000000,  88.80000,
,,,00.004140000000,  88.00000,
,,,00.004150000000,  88.80000,
,,,00.004160000000,  88.80000,
,,,00.004170000000,  88.80000,
,,,00.004180000000,  88.80000,
,,,00.004190000000,  88.80000,
,,,00.004200000000,  88.80000,
,,,00.004210000000,  88.80000,
,,,00.004220000000,  88.80000,
,,,00.004230000000,  88.80000,
,,,00.004240000000,  88.00000,
,,,00.004250000000,  88.80000,
,,,00.004260000000,  88.80000,
,,,00.004270000000,  88.00000,
,,,00.004280000000,  88.80000,
,,,00.004290000000,  88.80000,
,,,00.004300000000,  88.00000,
,,,00.004310000000,  88.00000,
,,,00.004320000000,  88.80000,
,,,00.004330000000,  88.00000,
,,,00.004340000000,  88.00000,
,,,00.004350000000,  88.00000,
,,,00.004360000000,  88.00000,
,,,00.004370000000,  88.00000,
,,,00.004380000000,  88.00000,
,,,00.004390000000,  88.80000,
,,,00.004400000000,  88.80000,
,,,00.004410000000,  88.00000,
,,,00.004420000000,  88.80000,
,,,00.004430000000,  88.80000,
,,,00.004440000000,  88.80000,
,,,00.004450000000,  88.00000,
,,,00.004460000000,  88.00000,
,,,00.004470000000,  88.80000,
,,,00.004480000000,  88.80000,
,,,00.004490000000,  88.00000,
,,,00.004500000000,  88.00000,
,,,00.004510000000,  88.80000,
,,,00.004520000000,  88.80000,
,,,00.004530000000,  88.80000,
,,,00.004540000000,  88.00000,
,,,00.004550000000,  88.80000,
,,,00.004560000000,  88.80000,
,,,00.004570000000,  88.80000,
,,,00.004580000000,  88.80000,
,,,00.004590000000,  88.80000,
,,,00.004600000000,  88.80000,
,,,00.004610000000,  88.80000,
,,,00.004620000000,  88.00000,
,,,00.004630000000,  88.80000,
,,,00.004640000000,  88.80000,
,,,00.004650000000,  88.80000,
,,,00.004660000000,  88.00000,
,,,00.004670000000,  88.80000,
,,,00.004680000000,  88.80000,
,,,00.004690000000,  88.80000,
,,,00.004700000000,  88.80000,
,,,00.004710000000,  88.80000,
,,,00.004720000000,  88.80000,
,,,00.004730000000,  88.80000,
,,,00.004740000000,  88.00000,
,,,00.004750000000,  88.00000,
,,,00.004760000000,  88.80000,
,,,00.004770000000,  88.80000,
,,,00.004780000000,  88.80000,
,,,00.004790000000,  88.00000,
,,,00.004800000000,  88.00000,
,,,00.004810000000,  88.80000,
,,,00.004820000000,  88.00000,
,,,00.004830000000,  88.00000,
,,,00.004840000000,  88.80000,
,,,00.004850000000,  88.80000,
,,,00.004860000000,  88.00000,
,,,00.004870000000,  88.80000,
,,,00.004880000000,  88.80000,
,,,00.004890000000,  88.00000,
,,,00.004900000000,  88.00000,
,,,00.004910000000,  88.80000,
,,,00.004920000000,  88.00000,
,,,00.004930000000,  88.00000,
,,,00.004940000000,  88.80000,
,,,00.004950000000,  88.80000,
,,,00.004960000000,  88.00000,
,,,00.004970000000,  88.80000,
,,,00.004980000000,  88.80000,
,,,00.004990000000,  88.80000,
,,,00.005000000000,  88.80000,
,,,00.005010000000,  88.80000,
,,,00.005020000000,  88.80000,
,,,00.005030000000,  88.80000,
,,,00.005040000000,  88.80000,
,,,00.005050000000,  88.00000,
,,,00.005060000000,  88.00000,
,,,00.005070000000,  88.00000,
,,,00.005080000000,  88.00000,
,,,00.005090000000,  88.80000,
,,,00.005100000000,  88.00000,
,,,00.005110000000,  88.80000,
,,,00.005120000000,  88.80000,
,,,00.005130000000,  88.80000,
,,,00.005140000000,  88.00000,
,,,00.005150000000,  88.80000,
,,,00.005160000000,  88.00000,
,,,00.005170000000,  88.00000,
,,,00.005180000000,  88.00000,
,,,00.005190000000,  88.80000,
,,,00.005200000000,  88.00000,
,,,00.005210000000,  88.00000,
,,,00.005220000000,  88.80000,
,,,00.005230000000,  88.00000,
,,,00.005240000000,  88.80000,
,,,00.005250000000,  88.00000,
,,,00.005260000000,  88.80000,
,,,00.005270000000,  88.00000,
,,,00.005280000000,  88.80000,
,,,00.005290000000,  88.80000,
,,,00.005300000000,  88.80000,
,,,00.005310000000,  88.00000,
,,,00.005320000000,  88.00000,
,,,00.005330000000,  88.80000,
,,,00.005340000000,  88.80000,
,,,00.005350000000,  88.80000,
,,,00.005360000000,  88.80000,
,,,00.005370000000,  88.80000,
,,,00.005380000000,  88.80000,
,,,00.005390000000,  88.80000,
,,,00.005400000000,  88.00000,
,,,00.005410000000,  88.00000,
,,,00.005420000000,  88.80000,
,,,00.005430000000,  88.00000,
,,,00.005440000000,  88.00000,
,,,00.005450000000,  88.80000,
,,,00.005460000000,  88.00000,
,,,00.005470000000,  88.80000,
,,,00.005480000000,  88.80000,
,,,00.005490000000,  88.80000,
,,,00.005500000000,  88.00000,
,,,00.005510000000,  88.00000,
,,,00.005520000000,  88.80000,
,,,00.005530000000,  88.80000,
,,,00.005540000000,  88.00000,
,,,00.005550000000,  88.80000,
,,,00.005560000000,  88.80000,
,,,00.005570000000,  88.80000,
,,,00.005580000000,  88.80000,
,,,00.005590000000,  88.80000,
,,,00.005600000000,  88.80000,
,,,00.005610000000,  88.80000,
,,,00.005620000000,  88.80000,
,,,00.005630000000,  88.80000,
,,,00.005640000000,  88.00000,
,,,00.005650000000,  88.80000,
,,,00.005660000000,  88.80000,
,,,00.005670000000,  88.00000,
,,,00.005680000000,  88.00000,
,,,00.005690000000,  88.80000,
,,,00.005700000000,  88.80000,
,,,00.005710000000,  88.00000,
,,,00.005720000000,  88.00000,
,,,00.005730000000,  88.00000,
,,,00.005740000000,  88.00000,
,,,00.005750000000,  88.80000,
,,,00.005760000000,  88.80000,
,,,00.005770000000,  88.80000,
,,,00.005780000000,  88.80000,
,,,00.005790000000,  88.80000,
,,,00.005800000000,  88.00000,
,,,00.005810000000,  88.00000,
,,,00.005820000000,  88.00000,
,,,00.005830000000,  88.80000,
,,,00.005840000000,  88.00000,
,,,00.005850000000,  88.00000,
,,,00.005860000000,  88.80000,
,,,00.005870000000,  88.00000,
,,,00.005880000000,  88.80000,
,,,00.005890000000,  88.00000,
,,,00.005900000000,  88.00000,
,,,00.005910000000,  88.80000,
,,,00.005920000000,  88.80000,
,,,00.005930000000,  88.80000,
,,,00.005940000000,  88.00000,
,,,00.005950000000,  88.80000,
,,,00.005960000000,  88.80000,
,,,00.005970000000,  88.00000,
,,,00.005980000000,  88.00000,
,,,00.005990000000,  88.80000,
,,,00.006000000000,  88.80000,
,,,00.006010000000,  88.80000,
,,,00.006020000000,  88.80000,
,,,00.006030000000,  88.80000,
,,,00.006040000000,  88.00000,
,,,00.006050000000,  88.80000,
,,,00.006060000000,  88.80000,
,,,00.006070000000,  88.00000,
,,,00.006080000000,  88.80000,
,,,00.006090000000,  88.80000,
,,,00.006100000000,  88.80000,
,,,00.006110000000,  88.00000,
,,,00.006120000000,  88.80000,
,,,00.006130000000,  88.80000,
,,,00.006140000000,  88.00000,
,,,00.006150000000,  88.80000,
,,,00.006160000000,  88.80000,
,,,00.006170000000,  88.80000,
,,,00.006180000000,  88.80000,
,,,00.006190000000,  88.80000,
,,,00.006200000000,  88.00000,
,,,00.006210000000,  88.80000,
,,,00.006220000000,  88.80000,
,,,00.006230000000,  88.80000,
,,,00.006240000000,  88.00000,
,,,00.006250000000,  88.80000,
,,,00.006260000000,  88.80000,
,,,00.006270000000,  88.80000,
,,,00.006280000000,  88.00000,
,,,00.006290000000,  88.80000,
,,,00.006300000000,  88.00000,
,,,00.006310000000,  88.80000,
,,,00.006320000000,  88.80000,
,,,00.006330000000,  88.80000,
,,,00.006340000000,  88.80000,
,,,00.006350000000,  88.80000,
,,,00.006360000000,  88.80000,
,,,00.006370000000,  88.80000,
,,,00.006380000000,  88.80000,
,,,00.006390000000,  88.00000,
,,,00.006400000000,  88.80000,
,,,00.006410000000,  88.80000,
,,,00.006420000000,  88.80000,
,,,00.006430000000,  88.80000,
,,,00.006440000000,  88.80000,
,,,00.006450000000,  88.00000,
,,,00.006460000000,  88.80000,
,,,00.006470000000,  88.80000,
,,,00.006480000000,  88.00000,
,,,00.006490000000,  88.80000,
,,,00.006500000000,  88.80000,
,,,00.006510000000,  88.00000,
,,,00.006520000000,  88.00000,
,,,00.006530000000,  88.80000,
,,,00.006540000000,  88.00000,
,,,00.006550000000,  88.80000,
,,,00.006560000000,  88.80000,
,,,00.006570000000,  88.80000,
,,,00.006580000000,  88.80000,
,,,00.006590000000,  88.80000,
,,,00.006600000000,  88.00000,
,,,00.006610000000,  88.80000,
,,,00.006620000000,  88.00000,
,,,00.006630000000,  88.80000,
,,,00.006640000000,  88.80000,
,,,00.006650000000,  88.80000,
,,,00.006660000000,  88.00000,
,,,00.006670000000,  88.00000,
,,,00.006680000000,  88.00000,
,,,00.006690000000,  88.80000,
,,,00.006700000000,  88.00000,
,,,00.006710000000,  88.80000,
,,,00.006720000000,  88.80000,
,,,00.006730000000,  88.80000,
,,,00.006740000000,  88.80000,
,,,00.006750000000,  88.00000,
,,,00.006760000000,  88.80000,
,,,00.006770000000,  88.80000,
,,,00.006780000000,  88.00000,
,,,00.006790000000,  88.80000,
,,,00.006800000000,  88.00000,
,,,00.006810000000,  88.00000,
,,,00.006820000000,  88.00000,
,,,00.006830000000,  88.00000,
,,,00.006840000000,  88.80000,
,,,00.006850000000,  88.80000,
,,,00.006860000000,  88.00000,
,,,00.006870000000,  88.80000,
,,,00.006880000000,  88.00000,
,,,00.006890000000,  88.80000,
,,,00.006900000000,  88.00000,
,,,00.006910000000,  88.00000,
,,,00.006920000000,  88.00000,
,,,00.006930000000,  88.00000,
,,,00.006940000000,  88.00000,
,,,00.006950000000,  88.80000,
,,,00.006960000000,  88.00000,
,,,00.006970000000,  88.80000,
,,,00.006980000000,  88.00000,
,,,00.006990000000,  88.00000,
,,,00.007000000000,  88.80000,
,,,00.007010000000,  88.80000,
,,,00.007020000000,  88.80000,
,,,00.007030000000,  88.80000,
,,,00.007040000000,  88.00000,
,,,00.007050000000,  88.00000,
,,,00.007060000000,  88.80000,
,,,00.007070000000,  88.80000,
,,,00.007080000000,  88.80000,
,,,00.007090000000,  88.00000,
,,,00.007100000000,  88.80000,
,,,00.007110000000,  88.80000,
,,,00.007120000000,  88.00000,
,,,00.007130000000,  88.80000,
,,,00.007140000000,  88.00000,
,,,00.007150000000,  88.00000,
,,,00.007160000000,  88.80000,
,,,00.007170000000,  88.80000,
,,,00.007180000000,  88.00000,
,,,00.007190000000,  88.00000,
,,,00.007200000000,  88.00000,
,,,00.007210000000,  88.80000,
,,,00.007220000000,  88.80000,
,,,00.007230000000,  88.80000,
,,,00.007240000000,  88.80000,
,,,00.007250000000,  88.80000,
,,,00.007260000000,  88.00000,
,,,00.007270000000,  88.80000,
,,,00.007280000000,  88.00000,
,,,00.007290000000,  88.80000,
,,,00.007300000000,  88.00000,
,,,00.007310000000,  88.80000,
,,,00.007320000000,  88.80000,
,,,00.007330000000,  88.80000,
,,,00.007340000000,  88.80000,
,,,00.007350000000,  88.00000,
,,,00.007360000000,  88.80000,
,,,00.007370000000,  88.00000,
,,,00.007380000000,  88.00000,
,,,00.007390000000,  88.80000,
,,,00.007400000000,  88.80000,
,,,00.007410000000,  88.00000,
,,,00.007420000000,  88.00000,
,,,00.007430000000,  88.80000,
,,,00.007440000000,  88.00000,
,,,00.007450000000,  88.80000,
,,,00.007460000000,  88.00000,
,,,00.007470000000,  88.00000,
,,,00.007480000000,  88.80000,
,,,00.007490000000,  88.80000,
,,,00.007500000000,  88.80000,
,,,00.007510000000,  88.80000,
,,,00.007520000000,  88.80000,
,,,00.007530000000,  88.80000,
,,,00.007540000000,  88.80000,
,,,00.007550000000,  88.00000,
,,,00.007560000000,  88.00000,
,,,00.007570000000,  88.00000,
,,,00.007580000000,  88.80000,
,,,00.007590000000,  88.80000,
,,,00.007600000000,  88.80000,
,,,00.007610000000,  88.80000,
,,,00.007620000000,  88.00000,
,,,00.007630000000,  88.80000,
,,,00.007640000000,  88.80000,
,,,00.007650000000,  88.80000,
,,,00.007660000000,  88.80000,
,,,00.007670000000,  88.80000,
,,,00.007680000000,  88.80000,
,,,00.007690000000,  88.80000,
,,,00.007700000000,  88.00000,
,,,00.007710000000,  88.00000,
,,,00.007720000000,  88.80000,
,,,00.007730000000,  88.00000,
,,,00.007740000000,  88.00000,
,,,00.007750000000,  88.80000,
,,,00.007760000000,  88.80000,
,,,00.007770000000,  88.00000,
,,,00.007780000000,  88.00000,
,,,00.007790000000,  88.80000,
,,,00.007800000000,  88.00000,
,,,00.007810000000,  88.80000,
,,,00.007820000000,  88.80000,
,,,00.007830000000,  88.00000,
,,,00.007840000000,  88.00000,
,,,00.007850000000,  88.00000,
,,,00.007860000000,  88.80000,
,,,00.007870000000,  88.00000,
,,,00.007880000000,  88.00000,
,,,00.007890000000,  88.00000,
,,,00.007900000000,  88.00000,
,,,00.007910000000,  88.80000,
,,,00.007920000000,  88.00000,
,,,00.007930000000,  88.80000,
,,,00.007940000000,  88.80000,
,,,00.007950000000,  88.80000,
,,,00.007960000000,  88.00000,
,,,00.007970000000,  88.80000,
,,,00.007980000000,  88.00000,
,,,00.007990000000,  88.80000,
,,,00.008000000000,  88.80000,
,,,00.008010000000,  88.80000,
,,,00.008020000000,  88.80000,
,,,00.008030000000,  88.00000,
,,,00.008040000000,  88.00000,
,,,00.008050000000,  88.80000,
,,,00.008060000000,  88.80000,
,,,00.008070000000,  88.80000,
,,,00.008080000000,  88.80000,
,,,00.008090000000,  88.00000,
,,,00.008100000000,  88.00000,
,,,00.008110000000,  88.80000,
,,,00.008120000000,  88.00000,
,,,00.008130000000,  88.00000,
,,,00.008140000000,  88.00000,
,,,00.008150000000,  88.00000,
,,,00.008160000000,  88.00000,
,,,00.008170000000,  88.80000,
,,,00.008180000000,  88.80000,
,,,00.008190000000,  88.00000,
,,,00.008200000000,  88.80000,
,,,00.008210000000,  88.80000,
,,,00.008220000000,  88.00000,
,,,00.008230000000,  88.00000,
,,,00.008240000000,  88.80000,
,,,00.008250000000,  88.80000,
,,,00.008260000000,  88.00000,
,,,00.008270000000,  88.80000,
,,,00.008280000000,  88.00000,
,,,00.008290000000,  88.80000,
,,,00.008300000000,  88.80000,
,,,00.008310000000,  88.80000,
,,,00.008320000000,  88.80000,
,,,00.008330000000,  88.80000,
,,,00.008340000000,  88.80000,
,,,00.008350000000,  88.80000,
,,,00.008360000000,  88.80000,
,,,00.008370000000,  88.80000,
,,,00.008380000000,  88.80000,
,,,00.008390000000,  88.80000,
,,,00.008400000000,  88.80000,
,,,00.008410000000,  88.00000,
,,,00.008420000000,  88.80000,
,,,00.008430000000,  88.80000,
,,,00.008440000000,  88.80000,
,,,00.008450000000,  88.80000,
,,,00.008460000000,  88.80000,
,,,00.008470000000,  88.80000,
,,,00.008480000000,  88.00000,
,,,00.008490000000,  88.80000,
,,,00.008500000000,  88.80000,
,,,00.008510000000,  88.00000,
,,,00.008520000000,  88.80000,
,,,00.008530000000,  88.00000,
,,,00.008540000000,  88.00000,
,,,00.008550000000,  88.80000,
,,,00.008560000000,  88.80000,
,,,00.008570000000,  88.00000,
,,,00.008580000000,  88.00000,
,,,00.008590000000,  88.00000,
,,,00.008600000000,  88.80000,
,,,00.008610000000,  88.80000,
,,,00.008620000000,  88.80000,
,,,00.008630000000,  88.80000,
,,,00.008640000000,  88.00000,
,,,00.008650000000,  88.00000,
,,,00.008660000000,  88.00000,
,,,00.008670000000,  88.80000,
,,,00.008680000000,  88.80000,
,,,00.008690000000,  88.80000,
,,,00.008700000000,  88.00000,
,,,00.008710000000,  88.80000,
,,,00.008720000000,  88.80000,
,,,00.008730000000,  88.80000,
,,,00.008740000000,  88.00000,
,,,00.008750000000,  88.80000,
,,,00.008760000000,  88.00000,
,,,00.008770000000,  88.00000,
,,,00.008780000000,  88.00000,
,,,00.008790000000,  88.80000,
,,,00.008800000000,  88.80000,
,,,00.008810000000,  88.00000,
,,,00.008820000000,  88.80000,
,,,00.008830000000,  88.80000,
,,,00.008840000000,  88.80000,
,,,00.008850000000,  88.80000,
,,,00.008860000000,  88.00000,
,,,00.008870000000,  88.80000,
,,,00.008880000000,  88.00000,
,,,00.008890000000,  88.80000,
,,,00.008900000000,  88.00000,
,,,00.008910000000,  88.00000,
,,,00.008920000000,  88.00000,
,,,00.008930000000,  88.80000,
,,,00.008940000000,  88.80000,
,,,00.008950000000,  88.80000,
,,,00.008960000000,  88.80000,
,,,00.008970000000,  88.80000,
,,,00.008980000000,  88.00000,
,,,00.008990000000,  88.00000,
,,,00.009000000000,  88.80000,
,,,00.009010000000,  88.00000,
,,,00.009020000000,  88.80000,
,,,00.009030000000,  88.80000,
,,,00.009040000000,  88.00000,
,,,00.009050000000,  88.80000,
,,,00.009060000000,  88.80000,
,,,00.009070000000,  88.80000,
,,,00.009080000000,  88.80000,
,,,00.009090000000,  88.80000,
,,,00.009100000000,  88.80000,
,,,00.009110000000,  88.80000,
,,,00.009120000000,  88.80000,
,,,00.009130000000,  88.00000,
,,,00.009140000000,  88.00000,
,,,00.009150000000,  88.00000,
,,,00.009160000000,  88.80000,
,,,00.009170000000,  88.80000,
,,,00.009180000000,  88.80000,
,,,00.009190000000,  88.80000,
,,,00.009200000000,  88.80000,
,,,00.009210000000,  88.80000,
,,,00.009220000000,  88.80000,
,,,00.009230000000,  88.80000,
,,,00.009240000000,  88.00000,
,,,00.009250000000,  88.80000,
,,,00.009260000000,  88.80000,
,,,00.009270000000,  88.80000,
,,,00.009280000000,  88.00000,
,,,00.009290000000,  88.80000,
,,,00.009300000000,  88.80000,
,,,00.009310000000,  88.80000,
,,,00.009320000000,  88.80000,
,,,00.009330000000,  88.80000,
,,,00.009340000000,  88.80000,
,,,00.009350000000,  88.80000,
,,,00.009360000000,  88.80000,
,,,00.009370000000,  88.00000,
,,,00.009380000000,  88.80000,
,,,00.009390000000,  88.00000,
,,,00.009400000000,  88.80000,
,,,00.009410000000,  88.80000,
,,,00.009420000000,  88.00000,
,,,00.009430000000,  88.80000,
,,,00.009440000000,  88.00000,
,,,00.009450000000,  88.80000,
,,,00.009460000000,  88.00000,
,,,00.009470000000,  88.00000,
,,,00.009480000000,  88.80000,
,,,00.009490000000,  88.00000,
,,,00.009500000000,  88.00000,
,,,00.009510000000,  88.80000,
,,,00.009520000000,  88.80000,
,,,00.009530000000,  88.80000,
,,,00.009540000000,  88.00000,
,,,00.009550000000,  88.80000,
,,,00.009560000000,  88.80000,
,,,00.009570000000,  88.00000,
,,,00.009580000000,  88.00000,
,,,00.009590000000,  88.00000,
,,,00.009600000000,  88.80000,
,,,00.009610000000,  88.00000,
,,,00.009620000000,  88.80000,
,,,00.009630000000,  88.00000,
,,,00.009640000000,  88.80000,
,,,00.009650000000,  88.80000,
,,,00.009660000000,  88.00000,
,,,00.009670000000,  88.80000,
,,,00.009680000000,  88.00000,
,,,00.009690000000,  88.00000,
,,,00.009700000000,  88.80000,
,,,00.009710000000,  88.80000,
,,,00.009720000000,  88.80000,
,,,00.009730000000,  88.00000,
,,,00.009740000000,  88.80000,
,,,00.009750000000,  88.00000,
,,,00.009760000000,  88.80000,
,,,00.009770000000,  88.80000,
,,,00.009780000000,  88.80000,
,,,00.009790000000,  88.80000,
,,,00.009800000000,  88.80000,
,,,00.009810000000,  88.80000,
,,,00.009820000000,  88.00000,
,,,00.009830000000,  88.80000,
,,,00.009840000000,  88.80000,
,,,00.009850000000,  88.80000,
,,,00.009860000000,  88.80000,
,,,00.009870000000,  88.80000,
,,,00.009880000000,  88.00000,
,,,00.009890000000,  88.00000,
,,,00.009900000000,  88.00000,
,,,00.009910000000,  88.80000,
,,,00.009920000000,  88.80000,
,,,00.009930000000,  88.80000,
,,,00.009940000000,  88.00000,
,,,00.009950000000,  88.80000,
,,,00.009960000000,  88.80000,
,,,00.009970000000,  88.80000,
,,,00.009980000000,  88.80000,
,,,00.009990000000,  88.80000,
,,,00.010000000000,  88.00000,
,,,00.010010000000,  88.80000,
,,,00.010020000000,  88.00000,
,,,00.010030000000,  88.80000,
,,,00.010040000000,  88.80000,
,,,00.010050000000,  51.20000,
,,,00.010060000000,   0.00000,
,,,00.010070000000,   0.00000,
,,,00.010080000000,   0.00000,
,,,00.010090000000,   0.00000,
,,,00.010100000000,   0.00000,
,,,00.010110000000,   0.00000,
,,,00.010120000000,   0.00000,
,,,00.010130000000,   0.00000,
,,,00.010140000000,   0.00000,
,,,00.010150000000,   0.00000,
,,,00.010160000000,   0.00000,
,,,00.010170000000,   0.00000,
,,,00.010180000000,   0.80000,
,,,00.010190000000,   0.00000,
,,,00.010200000000,   0.80000,
,,,00.010210000000,   0.00000,
,,,00.010220000000,   0.80000,
,,,00.010230000000,   0.80000,
,,,00.010240000000,   0.00000,
,,,00.010250000000,   0.80000,
,,,00.010260000000,   0.80000,
,,,00.010270000000,   0.80000,
,,,00.010280000000,   0.00000,
,,,00.010290000000,   0.80000,
,,,00.010300000000,   0.80000,
,,,00.010310000000,   0.80000,
,,,00.010320000000,   0.00000,
,,,00.010330000000,   0.80000,
,,,00.010340000000,   0.80000,
,,,00.010350000000,   0.80000,
,,,00.010360000000,   0.80000,
,,,00.010370000000,   0.80000,
,,,00.010380000000,   0.80000,
,,,00.010390000000,   0.00000,
,,,00.010400000000,   0.80000,
,,,00.010410000000,   0.80000,
,,,00.010420000000,   0.80000,
,,,00.010430000000,   0.80000,
,,,00.010440000000,   0.80000,
,,,00.010450000000,   0.00000,
,,,00.010460000000,   0.80000,
,,,00.010470000000,   0.80000,
,,,00.010480000000,   0.80000,
,,,00.010490000000,   0.80000,
,,,00.010500000000,   0.80000,
,,,00.010510000000,   0.80000,
,,,00.010520000000,   0.80000,
,,,00.010530000000,   0.80000,
,,,00.010540000000,   0.80000,
,,,00.010550000000,   0.80000,
,,,00.010560000000,   0.80000,
,,,00.010570000000,   0.80000,
,,,00.010580000000,   0.80000,
,,,00.010590000000,   0.80000,
,,,00.010600000000,   0.80000,
,,,00.010610000000,   0.00000,
,,,00.010620000000,   0.00000,
,,,00.010630000000,   0.80000,
,,,00.010640000000,   0.80000,
,,,00.010650000000,   0.80000,
,,,00.010660000000,   0.80000,
,,,00.010670000000,   0.80000,
,,,00.010680000000,   0.80000,
,,,00.010690000000,   0.00000,
,,,00.010700000000,   0.00000,
,,,00.010710000000,   0.80000,
,,,00.010720000000,   0.80000,
,,,00.010730000000,   0.80000,
,,,00.010740000000,   0.80000,
,,,00.010750000000,   0.80000,
,,,00.010760000000,   0.80000,
,,,00.010770000000,   0.80000,
,,,00.010780000000,   0.80000,
,,,00.010790000000,   0.80000,
,,,00.010800000000,   0.80000,
,,,00.010810000000,   0.80000,
,,,00.010820000000,   0.80000,
,,,00.010830000000,   0.80000,
,,,00.010840000000,   0.80000,
,,,00.010850000000,   0.80000,
,,,00.010860000000,   0.80000,
,,,00.010870000000,   0.80000,
,,,00.010880000000,   0.80000,
,,,00.010890000000,   0.80000,
,,,00.010900000000,   0.80000,
,,,00.010910000000,   0.80000,
,,,00.010920000000,   0.80000,
,,,00.010930000000,   0.80000,
,,,00.010940000000,   0.80000,
,,,00.010950000000,   0.80000,
,,,00.010960000000,   0.00000,
,,,00.010970000000,   0.80000,
,,,00.010980000000,   0.00000,
,,,00.010990000000,   0.80000,
,,,00.011000000000,   0.80000,
,,,00.011010000000,   0.80000,
,,,00.011020000000,   0.80000,
,,,00.011030000000,   0.00000,
,,,00.011040000000,   0.80000,
,,,00.011050000000,   0.80000,
,,,00.011060000000,   0.00000,
,,,00.011070000000,   0.80000,
,,,00.011080000000,   0.80000,
,,,00.011090000000,   0.80000,
,,,00.011100000000,   0.80000,
,,,00.011110000000,   0.00000,
,,,00.011120000000,   0.80000,
,,,00.011130000000,   0.80000,
,,,00.011140000000,   0.80000,
,,,00.011150000000,   0.80000,
,,,00.011160000000,   0.80000,
,,,00.011170000000,   0.80000,
,,,00.011180000000,   0.80000,
,,,00.011190000000,   0.80000,
,,,00.011200000000,   0.80000,
,,,00.011210000000,   0.80000,
,,,00.011220000000,   0.00000,
,,,00.011230000000,   0.80000,
,,,00.011240000000,   0.80000,
,,,00.011250000000,   0.80000,
,,,00.011260000000,   0.80000,
,,,00.011270000000,   0.80000,
,,,00.011280000000,   0.80000,
,,,00.011290000000,   0.80000,
,,,00.011300000000,   0.80000,
,,,00.011310000000,   0.80000,
,,,00.011320000000,   0.80000,
,,,00.011330000000,   0.80000,
,,,00.011340000000,   0.80000,
,,,00.011350000000,   0.80000,
,,,00.011360000000,   0.80000,
,,,00.011370000000,   0.80000,
,,,00.011380000000,   0.80000,
,,,00.011390000000,   0.80000,
,,,00.011400000000,   0.80000,
,,,00.011410000000,   0.80000,
,,,00.011420000000,   0.80000,
,,,00.011430000000,   0.80000,
,,,00.011440000000,   0.80000,
,,,00.011450000000,   0.80000,
,,,00.011460000000,   0.80000,
,,,00.011470000000,   0.80000,
,,,00.011480000000,   0.80000,
,,,00.011490000000,   0.80000,
,,,00.011500000000,   0.80000,
,,,00.011510000000,   0.80000,
,,,00.011520000000,   0.80000,
,,,00.011530000000,   0.80000,
,,,00.011540000000,   0.80000,
,,,00.011550000000,   0.80000,
,,,00.011560000000,   0.80000,
,,,00.011570000000,   0.00000,
,,,00.011580000000,   0.80000,
,,,00.011590000000,   0.80000,
,,,00.011600000000,   0.80000,
,,,00.011610000000,   0.80000,
,,,00.011620000000,   0.80000,
,,,00.011630000000,   0.80000,
,,,00.011640000000,   0.80000,
,,,00.011650000000,   0.80000,
,,,00.011660000000,   0.80000,
,,,00.011670000000,   0.80000,
,,,00.011680000000,   0.80000,
,,,00.011690000000,   0.80000,
,,,00.011700000000,   0.80000,
,,,00.011710000000,   0.80000,
,,,00.011720000000,   0.80000,
,,,00.011730000000,   0.80000,
,,,00.011740000000,   0.80000,
,,,00.011750000000,   0.80000,
,,,00.011760000000,   0.80000,
,,,00.011770000000,   0.80000,
,,,00.011780000000,   0.80000,
,,,00.011790000000,   0.80000,
,,,00.011800000000,   0.80000,
,,,00.011810000000,   0.80000,
,,,00.011820000000,   0.80000,
,,,00.011830000000,   0.80000,
,,,00.011840000000,   0.80000,
,,,00.011850000000,   0.80000,
,,,00.011860000000,   0.80000,
,,,00.011870000000,   0.80000,
,,,00.011880000000,   0.80000,
,,,00.011890000000,   0.80000,
,,,00.011900000000,   0.80000,
,,,00.011910000000,   0.80000,
,,,00.011920000000,   0.80000,
,,,00.011930000000,   0.80000,
,,,00.011940000000,   0.80000,
,,,00.011950000000,   0.80000,
,,,00.011960000000,   0.80000,
,,,00.011970000000,   0.80000,
,,,00.011980000000,   0.80000,
,,,00.011990000000,   0.00000,
,,,00.012000000000,   0.80000,
,,,00.012010000000,   0.80000,
,,,00.012020000000,   0.80000,
,,,00.012030000000,   0.00000,
,,,00.012040000000,   0.80000,
,,,00.012050000000,   0.80000,
,,,00.012060000000,   0.80000,
,,,00.012070000000,   0.80000,
,,,00.012080000000,   0.80000,
,,,00.012090000000,   0.80000,
,,,00.012100000000,   0.80000,
,,,00.012110000000,   0.80000,
,,,00.012120000000,   0.80000,
,,,00.012130000000,   0.80000,
,,,00.012140000000,   0.80000,
,,,00.012150000000,   0.80000,
,,,00.012160000000,   0.80000,
,,,00.012170000000,   0.80000,
,,,00.012180000000,   0.80000,
,,,00.012190000000,   0.80000,
,,,00.012200000000,   0.80000,
,,,00.012210000000,   0.80000,
,,,00.012220000000,   0.80000,
,,,00.012230000000,   0.80000,
,,,00.012240000000,   0.80000,
,,,00.012250000000,   0.80000,
,,,00.012260000000,   0.80000,
,,,00.012270000000,   0.80000,
,,,00.012280000000,   0.80000,
,,,00.012290000000,   0.80000,
,,,00.012300000000,   0.80000,
,,,00.012310000000,   0.80000,
,,,00.012320000000,   0.80000,
,,,00.012330000000,   0.80000,
,,,00.012340000000,   0.80000,
,,,00.012350000000,   0.80000,
,,,00.012360000000,   0.80000,
,,,00.012370000000,   0.80000,
,,,00.012380000000,   0.80000,
,,,00.012390000000,   0.80000,
,,,00.012400000000,   0.80000,
,,,00.012410000000,   0.80000,
,,,00.012420000000,   0.80000,
,,,00.012430000000,   0.80000,
,,,00.012440000000,   0.80000,
,,,00.012450000000,   0.80000,
,,,00.012460000000,   0.80000,
,,,00.012470000000,   0.80000,
,,,00.012480000000,   0.80000,
,,,00.012490000000,   0.80000,
,,,00.012500000000,   0.80000,
,,,00.012510000000,   0.80000,
,,,00.012520000000,   0.80000,
,,,00.012530000000,   0.80000,
,,,00.012540000000,   0.80000,
,,,00.012550000000,   0.80000,
,,,00.012560000000,   0.80000,
,,,00.012570000000,   0.80000,
,,,00.012580000000,   0.80000,
,,,00.012590000000,   0.80000,
,,,00.012600000000,   0.80000,
,,,00.012610000000,   0.80000,
,,,00.012620000000,   0.80000,
,,,00.012630000000,   0.80000,
,,,00.012640000000,   0.80000,
,,,00.012650000000,   0.80000,
,,,00.012660000000,   0.80000,
,,,00.012670000000,   0.80000,
,,,00.012680000000,   0.80000,
,,,00.012690000000,   0.80000,
,,,00.012700000000,   0.80000,
,,,00.012710000000,   0.80000,
,,,00.012720000000,   0.80000,
,,,00.012730000000,   0.80000,
,,,00.012740000000,   0.80000,
,,,00.012750000000,   0.80000,
,,,00.012760000000,   0.80000,
,,,00.012770000000,   0.80000,
,,,00.012780000000,   0.80000,
,,,00.012790000000,   0.80000,
,,,00.012800000000,   0.80000,
,,,00.012810000000,   0.80000,
,,,00.012820000000,   0.80000,
,,,00.012830000000,   0.80000,
,,,00.012840000000,   0.80000,
,,,00.012850000000,   0.80000,
,,,00.012860000000,   0.80000,
,,,00.012870000000,   0.80000,
,,,00.012880000000,   0.80000,
,,,00.012890000000,   0.80000,
,,,00.012900000000,   0.80000,
,,,00.012910000000,   0.80000,
,,,00.012920000000,   0.80000,
,,,00.012930000000,   0.80000,
,,,00.012940000000,   0.80000,
,,,00.012950000000,   0.80000,
,,,00.012960000000,   0.00000,
,,,00.012970000000,   0.80000,
,,,00.012980000000,   0.80000,
,,,00.012990000000,   0.80000,
,,,00.013000000000,   0.80000,
,,,00.013010000000,   0.80000,
,,,00.013020000000,   0.80000,
,,,00.013030000000,   0.80000,
,,,00.013040000000,   0.80000,
,,,00.013050000000,   0.80000,
,,,00.013060000000,   0.80000,
,,,00.013070000000,   0.80000,
,,,00.013080000000,   0.80000,
,,,00.013090000000,   0.80000,
,,,00.013100000000,   0.80000,
,,,00.013110000000,   0.80000,
,,,00.013120000000,   0.80000,
,,,00.013130000000,   0.80000,
,,,00.013140000000,   0.80000,
,,,00.013150000000,   0.80000,
,,,00.013160000000,   0.80000,
,,,00.013170000000,   0.80000,
,,,00.013180000000,   0.80000,
,,,00.013190000000,   0.80000,
,,,00.013200000000,   0.80000,
,,,00.013210000000,   0.80000,
,,,00.013220000000,   0.80000,
,,,00.013230000000,   0.80000,
,,,00.013240000000,   0.80000,
,,,00.013250000000,   0.80000,
,,,00.013260000000,   0.80000,
,,,00.013270000000,   0.80000,
,,,00.013280000000,   0.80000,
,,,00.013290000000,   0.80000,
,,,00.013300000000,   0.80000,
,,,00.013310000000,   0.80000,
,,,00.013320000000,   0.80000,
,,,00.013330000000,   0.80000,
,,,00.013340000000,   0.80000,
,,,00.013350000000,   0.80000,
,,,00.013360000000,   0.80000,
,,,00.013370000000,   0.80000,
,,,00.013380000000,   0.80000,
,,,00.013390000000,   0.80000,
,,,00.013400000000,   0.80000,
,,,00.013410000000,   0.80000,
,,,00.013420000000,   0.80000,
,,,00.013430000000,   0.80000,
,,,00.013440000000,   0.80000,
,,,00.013450000000,   0.80000,
,,,00.013460000000,   0.80000,
,,,00.013470000000,   0.00000,
,,,00.013480000000,   0.80000,
,,,00.013490000000,   0.80000,
,,,00.013500000000,   0.80000,
,,,00.013510000000,   0.80000,
,,,00.013520000000,   0.80000,
,,,00.013530000000,   0.80000,
,,,00.013540000000,   0.80000,
,,,00.013550000000,   0.80000,
,,,00.013560000000,   0.80000,
,,,00.013570000000,   0.80000,
,,,00.013580000000,   0.80000,
,,,00.013590000000,   0.80000,
,,,00.013600000000,   0.80000,
,,,00.013610000000,   0.80000,
,,,00.013620000000,   0.80000,
,,,00.013630000000,   0.80000,
,,,00.013640000000,   0.80000,
,,,00.013650000000,   0.80000,
,,,00.013660000000,   0.80000,
,,,00.013670000000,   0.80000,
,,,00.013680000000,   0.80000,
,,,00.013690000000,   0.80000,
,,,00.013700000000,   0.80000,
,,,00.013710000000,   0.80000,
,,,00.013720000000,   0.80000,
,,,00.013730000000,   0.80000,
,,,00.013740000000,   0.80000,
,,,00.013750000000,   0.80000,
,,,00.013760000000,   0.80000,
,,,00.013770000000,   0.80000,
,,,00.013780000000,   0.80000,
,,,00.013790000000,   0.80000,
,,,00.013800000000,   0.80000,
,,,00.013810000000,   0.00000,
,,,00.013820000000,   0.80000,
,,,00.013830000000,   0.80000,
,,,00.013840000000,   0.80000,
,,,00.013850000000,   0.80000,
,,,00.013860000000,   0.80000,
,,,00.013870000000,   0.80000,
,,,00.013880000000,   0.80000,
,,,00.013890000000,   0.80000,
,,,00.013900000000,   0.80000,
,,,00.013910000000,   0.80000,
,,,00.013920000000,   0.00000,
,,,00.013930000000,   0.80000,
,,,00.013940000000,   0.80000,
,,,00.013950000000,   0.80000,
,,,00.013960000000,   0.80000,
,,,00.013970000000,   0.80000,
,,,00.013980000000,   0.80000,
,,,00.013990000000,   0.80000,
,,,00.014000000000,   0.80000,
,,,00.014010000000,   0.80000,
,,,00.014020000000,   0.80000,
,,,00.014030000000,   0.80000,
,,,00.014040000000,   0.80000,
,,,00.014050000000,   0.80000,
,,,00.014060000000,   0.80000,
,,,00.014070000000,   0.80000,
,,,00.014080000000,   0.80000,
,,,00.014090000000,   0.80000,
,,,00.014100000000,   0.80000,
,,,00.014110000000,   0.80000,
,,,00.014120000000,   0.80000,
,,,00.014130000000,   0.00000,
,,,00.014140000000,   0.80000,
,,,00.014150000000,   0.80000,
,,,00.014160000000,   0.80000,
,,,00.014170000000,   0.80000,
,,,00.014180000000,   0.80000,
,,,00.014190000000,   0.80000,
,,,00.014200000000,   0.80000,
,,,00.014210000000,   0.00000,
,,,00.014220000000,   0.80000,
,,,00.014230000000,   0.80000,
,,,00.014240000000,   0.80000,
,,,00.014250000000,   0.80000,
,,,00.014260000000,   0.80000,
,,,00.014270000000,   0.80000,
,,,00.014280000000,   0.80000,
,,,00.014290000000,   0.80000,
,,,00.014300000000,   0.80000,
,,,00.014310000000,   0.80000,
,,,00.014320000000,   0.80000,
,,,00.014330000000,   0.80000,
,,,00.014340000000,   0.80000,
,,,00.014350000000,   0.80000,
,,,00.014360000000,   0.80000,
,,,00.014370000000,   0.80000,
,,,00.014380000000,   0.80000,
,,,00.014390000000,   0.80000,
,,,00.014400000000,   0.80000,
,,,00.014410000000,   0.80000,
,,,00.014420000000,   0.80000,
,,,00.014430000000,   0.80000,
,,,00.014440000000,   0.80000,
,,,00.014450000000,   0.80000,
,,,00.014460000000,   0.80000,
,,,00.014470000000,   0.80000,
,,,00.014480000000,   0.80000,
,,,00.014490000000,   0.80000,
,,,00.014500000000,   0.80000,
,,,00.014510000000,   0.80000,
,,,00.014520000000,   0.80000,
,,,00.014530000000,   0.80000,
,,,00.014540000000,   0.80000,
,,,00.014550000000,   0.80000,
,,,00.014560000000,   0.80000,
,,,00.014570000000,   0.80000,
,,,00.014580000000,   0.80000,
,,,00.014590000000,   0.80000,
,,,00.014600000000,   0.80000,
,,,00.014610000000,   0.80000,
,,,00.014620000000,   0.80000,
,,,00.014630000000,   0.80000,
,,,00.014640000000,   0.80000,
,,,00.014650000000,   0.80000,
,,,00.014660000000,   0.80000,
,,,00.014670000000,   0.80000,
,,,00.014680000000,   0.80000,
,,,00.014690000000,   0.80000,
,,,00.014700000000,   0.80000,
,,,00.014710000000,   0.80000,
,,,00.014720000000,   0.80000,
,,,00.014730000000,   0.80000,
,,,00.014740000000,   0.80000,
,,,00.014750000000,   0.80000,
,,,00.014760000000,   0.80000,
,,,00.014770000000,   0.80000,
,,,00.014780000000,   0.80000,
,,,00.014790000000,   0.80000,
,,,00.014800000000,   0.80000,
,,,00.014810000000,   0.80000,
,,,00.014820000000,   0.80000,
,,,00.014830000000,   0.80000,
,,,00.014840000000,   0.80000,
,,,00.014850000000,   0.80000,
,,,00.014860000000,   0.80000,
,,,00.014870000000,   0.80000,
,,,00.014880000000,   0.80000,
,,,00.014890000000,   0.80000,
,,,00.014900000000,   0.80000,
,,,00.014910000000,   0.80000,
,,,00.014920000000,   0.80000,
,,,00.014930000000,   0.80000,
,,,00.014940000000,   0.80000,
,,,00.014950000000,   0.80000,
,,,00.014960000000,   0.80000,
,,,00.014970000000,   0.80000,
,,,00.014980000000,   0.80000,
,,,00.014990000000,   0.80000,
,,,00.015000000000,   0.80000,
,,,00.015010000000,   0.80000,
,,,00.015020000000,   0.80000,
,,,00.015030000000,   0.80000,
,,,00.015040000000,   0.80000,
,,,00.015050000000,   0.80000,
,,,00.015060000000,   0.80000,
,,,00.015070000000,   0.80000,
,,,00.015080000000,   0.80000,
,,,00.015090000000,   0.80000,
,,,00.015100000000,   0.80000,
,,,00.015110000000,   0.80000,
,,,00.015120000000,   0.80000,
,,,00.015130000000,   0.80000,
,,,00.015140000000,   0.80000,
,,,00.015150000000,   0.80000,
,,,00.015160000000,   0.80000,
,,,00.015170000000,   0.80000,
,,,00.015180000000,   0.80000,
,,,00.015190000000,   0.80000,
,,,00.015200000000,   0.80000,
,,,00.015210000000,   0.80000,
,,,00.015220000000,   0.80000,
,,,00.015230000000,   0.80000,
,,,00.015240000000,   0.80000,
,,,00.015250000000,   0.80000,
,,,00.015260000000,   0.80000,
,,,00.015270000000,   0.80000,
,,,00.015280000000,   0.80000,
,,,00.015290000000,   0.80000,
,,,00.015300000000,   0.80000,
,,,00.015310000000,   0.80000,
,,,00.015320000000,   0.80000,
,,,00.015330000000,   0.80000,
,,,00.015340000000,   0.80000,
,,,00.015350000000,   0.00000,
,,,00.015360000000,   0.80000,
,,,00.015370000000,   0.80000,
,,,00.015380000000,   0.80000,
,,,00.015390000000,   0.80000,
,,,00.015400000000,   0.80000,
,,,00.015410000000,   0.80000,
,,,00.015420000000,   0.80000,
,,,00.015430000000,   0.80000,
,,,00.015440000000,   0.80000,
,,,00.015450000000,   0.80000,
,,,00.015460000000,   0.80000,
,,,00.015470000000,   0.80000,
,,,00.015480000000,   0.80000,
,,,00.015490000000,   0.80000,
,,,00.015500000000,   0.80000,
,,,00.015510000000,   0.80000,
,,,00.015520000000,   0.80000,
,,,00.015530000000,   0.80000,
,,,00.015540000000,   0.80000,
,,,00.015550000000,   0.80000,
,,,00.015560000000,   0.80000,
,,,00.015570000000,   0.80000,
,,,00.015580000000,   0.80000,
,,,00.015590000000,   0.80000,
,,,00.015600000000,   0.80000,
,,,00.015610000000,   0.80000,
,,,00.015620000000,   0.80000,
,,,00.015630000000,   0.80000,
,,,00.015640000000,   0.80000,
,,,00.015650000000,   0.80000,
,,,00.015660000000,   0.80000,
,,,00.015670000000,   0.80000,
,,,00.015680000000,   0.80000,
,,,00.015690000000,   0.80000,
,,,00.015700000000,   0.80000,
,,,00.015710000000,   0.80000,
,,,00.015720000000,   0.80000,
,,,00.015730000000,   0.80000,
,,,00.015740000000,   0.80000,
,,,00.015750000000,   0.80000,
,,,00.015760000000,   0.00000,
,,,00.015770000000,   0.80000,
,,,00.015780000000,   0.80000,
,,,00.015790000000,   0.80000,
,,,00.015800000000,   0.80000,
,,,00.015810000000,   0.80000,
,,,00.015820000000,   0.80000,
,,,00.015830000000,   0.80000,
,,,00.015840000000,   0.80000,
,,,00.015850000000,   0.80000,
,,,00.015860000000,   0.80000,
,,,00.015870000000,   0.80000,
,,,00.015880000000,   0.80000,
,,,00.015890000000,   0.80000,
,,,00.015900000000,   0.80000,
,,,00.015910000000,   0.80000,
,,,00.015920000000,   0.80000,
,,,00.015930000000,   0.80000,
,,,00.015940000000,   0.80000,
,,,00.015950000000,   0.80000,
,,,00.015960000000,   0.80000,
,,,00.015970000000,   0.80000,
,,,00.015980000000,   0.80000,
,,,00.015990000000,   0.80000,
,,,00.016000000000,   0.80000,
,,,00.016010000000,   0.80000,
,,,00.016020000000,   0.80000,
,,,00.016030000000,   0.80000,
,,,00.016040000000,   0.80000,
,,,00.016050000000,   0.80000,
,,,00.016060000000,   0.80000,
,,,00.016070000000,   0.80000,
,,,00.016080000000,   0.80000,
,,,00.016090000000,   0.80000,
,,,00.016100000000,   0.80000,
,,,00.016110000000,   0.80000,
,,,00.016120000000,   0.80000,
,,,00.016130000000,   0.80000,
,,,00.016140000000,   0.80000,
,,,00.016150000000,   0.80000,
,,,00.016160000000,   0.80000,
,,,00.016170000000,   0.80000,
,,,00.016180000000,   0.80000,
,,,00.016190000000,   0.80000,
,,,00.016200000000,   0.80000,
,,,00.016210000000,   0.80000,
,,,00.016220000000,   0.80000,
,,,00.016230000000,   0.80000,
,,,00.016240000000,   0.80000,
,,,00.016250000000,   0.80000,
,,,00.016260000000,   0.80000,
,,,00.016270000000,   0.80000,
,,,00.016280000000,   0.80000,
,,,00.016290000000,   0.80000,
,,,00.016300000000,   0.80000,
,,,00.016310000000,   0.80000,
,,,00.016320000000,   0.80000,
,,,00.016330000000,   0.80000,
,,,00.016340000000,   0.80000,
,,,00.016350000000,   0.80000,
,,,00.016360000000,   0.80000,
,,,00.016370000000,   0.80000,
,,,00.016380000000,   0.80000,
,,,00.016390000000,   0.80000,
,,,00.016400000000,   0.80000,
,,,00.016410000000,   0.80000,
,,,00.016420000000,   0.80000,
,,,00.016430000000,   0.80000,
,,,00.016440000000,   0.80000,
,,,00.016450000000,   0.80000,
,,,00.016460000000,   0.80000,
,,,00.016470000000,   0.80000,
,,,00.016480000000,   0.80000,
,,,00.016490000000,   0.80000,
,,,00.016500000000,   0.80000,
,,,00.016510000000,   0.80000,
,,,00.016520000000,   0.80000,
,,,00.016530000000,   0.80000,
,,,00.016540000000,   0.80000,
,,,00.016550000000,   0.80000,
,,,00.016560000000,   0.80000,
,,,00.016570000000,   0.80000,
,,,00.016580000000,   0.80000,
,,,00.016590000000,   0.80000,
,,,00.016600000000,   0.80000,
,,,00.016610000000,   0.80000,
,,,00.016620000000,   0.80000,
,,,00.016630000000,   0.80000,
,,,00.016640000000,   0.80000,
,,,00.016650000000,   0.80000,
,,,00.016660000000,   0.80000,
,,,00.016670000000,   0.80000,
,,,00.016680000000,   0.80000,
,,,00.016690000000,   0.80000,
,,,00.016700000000,   0.80000,
,,,00.016710000000,   0.80000,
,,,00.016720000000,   0.80000,
,,,00.016730000000,   0.80000,
,,,00.016740000000,   0.80000,
,,,00.016750000000,   0.80000,
,,,00.016760000000,   0.80000,
,,,00.016770000000,   0.80000,
,,,00.016780000000,   0.80000,
,,,00.016790000000,   0.80000,
,,,00.016800000000,   0.80000,
,,,00.016810000000,   0.80000,
,,,00.016820000000,   0.80000,
,,,00.016830000000,   0.80000,
,,,00.016840000000,   0.80000,
,,,00.016850000000,   0.80000,
,,,00.016860000000,   0.80000,
,,,00.016870000000,   0.80000,
,,,00.016880000000,   0.80000,
,,,00.016890000000,   0.80000,
,,,00.016900000000,   0.80000,
,,,00.016910000000,   0.80000,
,,,00.016920000000,   0.80000,
,,,00.016930000000,   0.80000,
,,,00.016940000000,   0.80000,
,,,00.016950000000,   0.80000,
,,,00.016960000000,   0.80000,
,,,00.016970000000,   0.80000,
,,,00.016980000000,   0.80000,
,,,00.016990000000,   0.80000,
,,,00.017000000000,   0.80000,
,,,00.017010000000,   0.80000,
,,,00.017020000000,   0.80000,
,,,00.017030000000,   0.80000,
,,,00.017040000000,   0.80000,
,,,00.017050000000,   0.80000,
,,,00.017060000000,   0.80000,
,,,00.017070000000,   0.80000,
,,,00.017080000000,   0.80000,
,,,00.017090000000,   0.80000,
,,,00.017100000000,   0.80000,
,,,00.017110000000,   0.80000,
,,,00.017120000000,   0.80000,
,,,00.017130000000,   0.80000,
,,,00.017140000000,   0.00000,
,,,00.017150000000,   0.80000,
,,,00.017160000000,   0.80000,
,,,00.017170000000,   0.80000,
,,,00.017180000000,   0.80000,
,,,00.017190000000,   0.80000,
,,,00.017200000000,   0.80000,
,,,00.017210000000,   0.80000,
,,,00.017220000000,   0.80000,
,,,00.017230000000,   0.80000,
,,,00.017240000000,   0.80000,
,,,00.017250000000,   0.80000,
,,,00.017260000000,   0.80000,
,,,00.017270000000,   0.80000,
,,,00.017280000000,   0.80000,
,,,00.017290000000,   0.80000,
,,,00.017300000000,   0.80000,
,,,00.017310000000,   0.80000,
,,,00.017320000000,   0.80000,
,,,00.017330000000,   0.80000,
,,,00.017340000000,   0.80000,
,,,00.017350000000,   0.80000,
,,,00.017360000000,   0.80000,
,,,00.017370000000,   0.80000,
,,,00.017380000000,   0.80000,
,,,00.017390000000,   0.80000,
,,,00.017400000000,   0.80000,
,,,00.017410000000,   0.80000,
,,,00.017420000000,   0.80000,
,,,00.017430000000,   0.80000,
,,,00.017440000000,   0.80000,
,,,00.017450000000,   0.80000,
,,,00.017460000000,   0.80000,
,,,00.017470000000,   0.80000,
,,,00.017480000000,   0.80000,
,,,00.017490000000,   0.80000,
,,,00.017500000000,   0.80000,
,,,00.017510000000,   0.80000,
,,,00.017520000000,   0.80000,
,,,00.017530000000,   0.80000,
,,,00.017540000000,   0.80000,
,,,00.017550000000,   0.80000,
,,,00.017560000000,   0.80000,
,,,00.017570000000,   0.80000,
,,,00.017580000000,   0.80000,
,,,00.017590000000,   0.80000,
,,,00.017600000000,   0.80000,
,,,00.017610000000,   0.80000,
,,,00.017620000000,   0.80000,
,,,00.017630000000,   0.80000,
,,,00.017640000000,   0.80000,
,,,00.017650000000,   0.80000,
,,,00.017660000000,   0.80000,
,,,00.017670000000,   0.80000,
,,,00.017680000000,   0.80000,
,,,00.017690000000,   0.80000,
,,,00.017700000000,   0.80000,
,,,00.017710000000,   0.00000,
,,,00.017720000000,   0.80000,
,,,00.017730000000,   0.80000,
,,,00.017740000000,   0.80000,
,,,00.017750000000,   0.80000,
,,,00.017760000000,   0.80000,
,,,00.017770000000,   0.80000,
,,,00.017780000000,   0.80000,
,,,00.017790000000,   0.80000,
,,,00.017800000000,   0.80000,
,,,00.017810000000,   0.80000,
,,,00.017820000000,   0.80000,
,,,00.017830000000,   0.80000,
,,,00.017840000000,   0.80000,
,,,00.017850000000,   0.80000,
,,,00.017860000000,   0.80000,
,,,00.017870000000,   0.80000,
,,,00.017880000000,   0.80000,
,,,00.017890000000,   0.80000,
,,,00.017900000000,   0.80000,
,,,00.017910000000,   0.80000,
,,,00.017920000000,   0.80000,
,,,00.017930000000,   0.80000,
,,,00.017940000000,   0.80000,
,,,00.017950000000,   0.80000,
,,,00.017960000000,   0.80000,
,,,00.017970000000,   0.80000,
,,,00.017980000000,   0.80000,
,,,00.017990000000,   0.80000,
,,,00.018000000000,   0.80000,
,,,00.018010000000,   0.80000,
,,,00.018020000000,   0.80000,
,,,00.018030000000,   0.80000,
,,,00.018040000000,   0.80000,
,,,00.018050000000,   0.80000,
,,,00.018060000000,   0.80000,
,,,00.018070000000,   0.80000,
,,,00.018080000000,   0.80000,
,,,00.018090000000,   0.80000,
,,,00.018100000000,   0.80000,
,,,00.018110000000,   0.80000,
,,,00.018120000000,   0.80000,
,,,00.018130000000,   0.00000,
,,,00.018140000000,   0.80000,
,,,00.018150000000,   0.80000,
,,,00.018160000000,   0.80000,
,,,00.018170000000,   0.80000,
,,,00.018180000000,   0.80000,
,,,00.018190000000,   0.80000,
,,,00.018200000000,   0.80000,
,,,00.018210000000,   0.80000,
,,,00.018220000000,   0.80000,
,,,00.018230000000,   0.80000,
,,,00.018240000000,   0.80000,
,,,00.018250000000,   0.80000,
,,,00.018260000000,   0.80000,
,,,00.018270000000,   0.80000,
,,,00.018280000000,   0.80000,
,,,00.018290000000,   0.80000,
,,,00.018300000000,   0.80000,
,,,00.018310000000,   0.80000,
,,,00.018320000000,   0.80000,
,,,00.018330000000,   0.80000,
,,,00.018340000000,   0.80000,
,,,00.018350000000,   0.80000,
,,,00.018360000000,   0.80000,
,,,00.018370000000,   0.80000,
,,,00.018380000000,   0.80000,
,,,00.018390000000,   0.80000,
,,,00.018400000000,   0.80000,
,,,00.018410000000,   0.80000,
,,,00.018420000000,   0.80000,
,,,00.018430000000,   0.80000,
,,,00.018440000000,   0.80000,
,,,00.018450000000,   0.80000,
,,,00.018460000000,   0.80000,
,,,00.018470000000,   0.80000,
,,,00.018480000000,   0.80000,
,,,00.018490000000,   0.80000,
,,,00.018500000000,   0.80000,
,,,00.018510000000,   0.80000,
,,,00.018520000000,   0.80000,
,,,00.018530000000,   0.80000,
,,,00.018540000000,   0.80000,
,,,00.018550000000,   0.80000,
,,,00.018560000000,   0.80000,
,,,00.018570000000,   0.80000,
,,,00.018580000000,   0.00000,
,,,00.018590000000,   0.80000,
,,,00.018600000000,   0.80000,
,,,00.018610000000,   0.80000,
,,,00.018620000000,   0.80000,
,,,00.018630000000,   0.80000,
,,,00.018640000000,   0.80000,
,,,00.018650000000,   0.80000,
,,,00.018660000000,   0.80000,
,,,00.018670000000,   0.80000,
,,,00.018680000000,   0.80000,
,,,00.018690000000,   0.80000,
,,,00.018700000000,   0.80000,
,,,00.018710000000,   0.80000,
,,,00.018720000000,   0.80000,
,,,00.018730000000,   0.80000,
,,,00.018740000000,   0.80000,
,,,00.018750000000,   0.80000,
,,,00.018760000000,   0.80000,
,,,00.018770000000,   0.80000,
,,,00.018780000000,   0.80000,
,,,00.018790000000,   0.80000,
,,,00.018800000000,   0.80000,
,,,00.018810000000,   0.80000,
,,,00.018820000000,   0.80000,
,,,00.018830000000,   0.80000,
,,,00.018840000000,   0.80000,
,,,00.018850000000,   0.80000,
,,,00.018860000000,   0.80000,
,,,00.018870000000,   0.80000,
,,,00.018880000000,   0.80000,
,,,00.018890000000,   0.00000,
,,,00.018900000000,   0.80000,
,,,00.018910000000,   0.80000,
,,,00.018920000000,   0.80000,
,,,00.018930000000,   0.80000,
,,,00.018940000000,   0.80000,
,,,00.018950000000,   0.00000,
,,,00.018960000000,   0.80000,
,,,00.018970000000,   0.80000,
,,,00.018980000000,   0.80000,
,,,00.018990000000,   0.80000,
,,,00.019000000000,   0.80000,
,,,00.019010000000,   0.80000,
,,,00.019020000000,   0.80000,
,,,00.019030000000,   0.80000,
,,,00.019040000000,   0.80000,
,,,00.019050000000,   0.80000,
,,,00.019060000000,   0.80000,
,,,00.019070000000,   0.80000,
,,,00.019080000000,   0.80000,
,,,00.019090000000,   0.80000,
,,,00.019100000000,   0.00000,
,,,00.019110000000,   0.80000,
,,,00.019120000000,   0.80000,
,,,00.019130000000,   0.80000,
,,,00.019140000000,   0.80000,
,,,00.019150000000,   0.80000,
,,,00.019160000000,   0.00000,
,,,00.019170000000,   0.80000,
,,,00.019180000000,   0.80000,
,,,00.019190000000,   0.80000,
,,,00.019200000000,   0.80000,
,,,00.019210000000,   0.80000,
,,,00.019220000000,   0.80000,
,,,00.019230000000,   0.80000,
,,,00.019240000000,   0.80000,
,,,00.019250000000,   0.80000,
,,,00.019260000000,   0.80000,
,,,00.019270000000,   0.80000,
,,,00.019280000000,   0.80000,
,,,00.019290000000,   0.80000,
,,,00.019300000000,   0.80000,
,,,00.019310000000,   0.80000,
,,,00.019320000000,   0.80000,
,,,00.019330000000,   0.80000,
,,,00.019340000000,   0.80000,
,,,00.019350000000,   0.80000,
,,,00.019360000000,   0.80000,
,,,00.019370000000,   0.80000,
,,,00.019380000000,   0.80000,
,,,00.019390000000,   0.80000,
,,,00.019400000000,   0.80000,
,,,00.019410000000,   0.80000,
,,,00.019420000000,   0.80000,
,,,00.019430000000,   0.00000,
,,,00.019440000000,   0.80000,
,,,00.019450000000,   0.80000,
,,,00.019460000000,   0.00000,
,,,00.019470000000,   0.80000,
,,,00.019480000000,   0.80000,
,,,00.019490000000,   0.80000,
,,,00.019500000000,   0.80000,
,,,00.019510000000,   0.80000,
,,,00.019520000000,   0.80000,
,,,00.019530000000,   0.80000,
,,,00.019540000000,   0.80000,
,,,00.019550000000,   0.00000,
,,,00.019560000000,   0.80000,
,,,00.019570000000,   0.80000,
,,,00.019580000000,   0.80000,
,,,00.019590000000,   0.80000,
,,,00.019600000000,   0.80000,
,,,00.019610000000,   0.80000,
,,,00.019620000000,   0.80000,
,,,00.019630000000,   0.80000,
,,,00.019640000000,   0.80000,
,,,00.019650000000,   0.80000,
,,,00.019660000000,   0.80000,
,,,00.019670000000,   0.80000,
,,,00.019680000000,   0.80000,
,,,00.019690000000,   0.80000,
,,,00.019700000000,   0.80000,
,,,00.019710000000,   0.80000,
,,,00.019720000000,   0.80000,
,,,00.019730000000,   0.80000,
,,,00.019740000000,   0.80000,
,,,00.019750000000,   0.80000,
,,,00.019760000000,   0.80000,
,,,00.019770000000,   0.00000,
,,,00.019780000000,   0.80000,
,,,00.019790000000,   0.80000,
,,,00.019800000000,   0.80000,
,,,00.019810000000,   0.80000,
,,,00.019820000000,   0.80000,
,,,00.019830000000,   0.80000,
,,,00.019840000000,   0.00000,
,,,00.019850000000,   0.80000,
,,,00.019860000000,   0.80000,
,,,00.019870000000,   0.80000,
,,,00.019880000000,   0.80000,
,,,00.019890000000,   0.80000,
,,,00.019900000000,   0.80000,
,,,00.019910000000,   0.80000,
,,,00.019920000000,   0.80000,
,,,00.019930000000,   0.80000,
,,,00.019940000000,   0.80000,
,,,00.019950000000,   0.00000,
,,,00.019960000000,   0.80000,
,,,00.019970000000,   0.80000,
,,,00.019980000000,   0.80000,
,,,00.019990000000,   0.00000,
,,,00.020000000000,   0.80000,
,,,00.020010000000,   0.80000,
,,,00.020020000000,   0.80000,
,,,00.020030000000,   0.80000,
,,,00.020040000000,   0.80000,
,,,00.020050000000,   0.00000,
,,,00.020060000000,   0.80000,
,,,00.020070000000,   0.80000,
,,,00.020080000000,   0.80000,
,,,00.020090000000,   0.80000,
,,,00.020100000000,   0.80000,
,,,00.020110000000,   0.80000,
,,,00.020120000000,   0.80000,
,,,00.020130000000,   0.80000,
,,,00.020140000000,   0.80000,
,,,00.020150000000,   0.80000,
,,,00.020160000000,   0.80000,
,,,00.020170000000,   0.80000,
,,,00.020180000000,   0.80000,
,,,00.020190000000,   0.80000,
,,,00.020200000000,   0.80000,
,,,00.020210000000,   0.80000,
,,,00.020220000000,   0.80000,
,,,00.020230000000,   0.80000,
,,,00.020240000000,   0.80000,
,,,00.020250000000,   0.80000,
,,,00.020260000000,   0.80000,
,,,00.020270000000,   0.80000,
,,,00.020280000000,   0.80000,
,,,00.020290000000,   0.80000,
,,,00.020300000000,   0.80000,
,,,00.020310000000,   0.80000,
,,,00.020320000000,   0.80000,
,,,00.020330000000,   0.80000,
,,,00.020340000000,   0.80000,
,,,00.020350000000,   0.80000,
,,,00.020360000000,   0.80000,
,,,00.020370000000,   0.80000,
,,,00.020380000000,   0.80000,
,,,00.020390000000,   0.80000,
,,,00.020400000000,   0.80000,
,,,00.020410000000,   0.80000,
,,,00.020420000000,   0.80000,
,,,00.020430000000,   0.80000,
,,,00.020440000000,   0.80000,
,,,00.020450000000,   0.80000,
,,,00.020460000000,   0.80000,
,,,00.020470000000,   0.80000,
,,,00.020480000000,   0.80000,
,,,00.020490000000,   0.80000,
,,,00.020500000000,   0.80000,
,,,00.020510000000,   0.00000,
,,,00.020520000000,   0.80000,
,,,00.020530000000,   0.80000,
,,,00.020540000000,   0.80000,
,,,00.020550000000,   0.80000,
,,,00.020560000000,   0.80000,
,,,00.020570000000,   0.80000,
,,,00.020580000000,   0.80000,
,,,00.020590000000,   0.80000,
,,,00.020600000000,   0.80000,
,,,00.020610000000,   0.80000,
,,,00.020620000000,   0.80000,
,,,00.020630000000,   0.80000,
,,,00.020640000000,   0.80000,
,,,00.020650000000,   0.80000,
,,,00.020660000000,   0.80000,
,,,00.020670000000,   0.00000,
,,,00.020680000000,   0.80000,
,,,00.020690000000,   0.80000,
,,,00.020700000000,   0.80000,
,,,00.020710000000,   0.80000,
,,,00.020720000000,   0.80000,
,,,00.020730000000,   0.80000,
,,,00.020740000000,   0.80000,
,,,00.020750000000,   0.80000,
,,,00.020760000000,   0.80000,
,,,00.020770000000,   0.80000,
,,,00.020780000000,   0.80000,
,,,00.020790000000,   0.80000,
,,,00.020800000000,   0.80000,
,,,00.020810000000,   0.80000,
,,,00.020820000000,   0.80000,
,,,00.020830000000,   0.80000,
,,,00.020840000000,   0.00000,
,,,00.020850000000,   0.80000,
,,,00.020860000000,   0.80000,
,,,00.020870000000,   0.80000,
,,,00.020880000000,   0.80000,
,,,00.020890000000,   0.80000,
,,,00.020900000000,   0.80000,
,,,00.020910000000,   0.80000,
,,,00.020920000000,   0.80000,
,,,00.020930000000,   0.80000,
,,,00.020940000000,   0.80000,
,,,00.020950000000,   0.80000,
,,,00.020960000000,   0.00000,
,,,00.020970000000,   0.80000,
,,,00.020980000000,   0.00000,
,,,00.020990000000,   0.80000,
,,,00.021000000000,   0.80000,
,,,00.021010000000,   0.00000,
,,,00.021020000000,   0.80000,
,,,00.021030000000,   0.00000,
,,,00.021040000000,   0.80000,
,,,00.021050000000,   0.00000,
,,,00.021060000000,   0.80000,
,,,00.021070000000,   0.80000,
,,,00.021080000000,   0.80000,
,,,00.021090000000,   0.80000,
,,,00.021100000000,   0.80000,
,,,00.021110000000,   0.80000,
,,,00.021120000000,   0.80000,
,,,00.021130000000,   0.80000,
,,,00.021140000000,   0.80000,
,,,00.021150000000,   0.80000,
,,,00.021160000000,   0.80000,
,,,00.021170000000,   0.80000,
,,,00.021180000000,   0.80000,
,,,00.021190000000,   0.80000,
,,,00.021200000000,   0.80000,
,,,00.021210000000,   0.80000,
,,,00.021220000000,   0.80000,
,,,00.021230000000,   0.80000,
,,,00.021240000000,   0.80000,
,,,00.021250000000,   0.80000,
,,,00.021260000000,   0.80000,
,,,00.021270000000,   0.80000,
,,,00.021280000000,   0.80000,
,,,00.021290000000,   0.80000,
,,,00.021300000000,   0.80000,
,,,00.021310000000,   0.80000,
,,,00.021320000000,   0.80000,
,,,00.021330000000,   0.00000,
,,,00.021340000000,   0.80000,
,,,00.021350000000,   0.80000,
,,,00.021360000000,   0.00000,
,,,00.021370000000,   0.80000,
,,,00.021380000000,   0.80000,
,,,00.021390000000,   0.80000,
,,,00.021400000000,   0.80000,
,,,00.021410000000,   0.00000,
,,,00.021420000000,   0.80000,
,,,00.021430000000,   0.80000,
,,,00.021440000000,   0.80000,
,,,00.021450000000,   0.80000,
,,,00.021460000000,   0.80000,
,,,00.021470000000,   0.80000,
,,,00.021480000000,   0.80000,
,,,00.021490000000,   0.80000,
,,,00.021500000000,   0.80000,
,,,00.021510000000,   0.80000,
,,,00.021520000000,   0.80000,
,,,00.021530000000,   0.80000,
,,,00.021540000000,   0.80000,
,,,00.021550000000,   0.80000,
,,,00.021560000000,   0.80000,
,,,00.021570000000,   0.80000,
,,,00.021580000000,   0.80000,
,,,00.021590000000,   0.80000,
,,,00.021600000000,   0.80000,
,,,00.021610000000,   0.00000,
,,,00.021620000000,   0.00000,
,,,00.021630000000,   0.80000,
,,,00.021640000000,   0.80000,
,,,00.021650000000,   0.00000,
,,,00.021660000000,   0.80000,
,,,00.021670000000,   0.80000,
,,,00.021680000000,   0.80000,
,,,00.021690000000,   0.80000,
,,,00.021700000000,   0.80000,
,,,00.021710000000,   0.80000,
,,,00.021720000000,   0.80000,
,,,00.021730000000,   0.80000,
,,,00.021740000000,   0.80000,
,,,00.021750000000,   0.80000,
,,,00.021760000000,   0.80000,
,,,00.021770000000,   0.80000,
,,,00.021780000000,   0.00000,
,,,00.021790000000,   0.80000,
,,,00.021800000000,   0.80000,
,,,00.021810000000,   0.00000,
,,,00.021820000000,   0.80000,
,,,00.021830000000,   0.80000,
,,,00.021840000000,   0.80000,
,,,00.021850000000,   0.80000,
,,,00.021860000000,   0.80000,
,,,00.021870000000,   0.80000,
,,,00.021880000000,   0.80000,
,,,00.021890000000,   0.80000,
,,,00.021900000000,   0.80000,
,,,00.021910000000,   0.80000,
,,,00.021920000000,   0.80000,
,,,00.021930000000,   0.80000,
,,,00.021940000000,   0.80000,
,,,00.021950000000,   0.80000,
,,,00.021960000000,   0.00000,
,,,00.021970000000,   0.80000,
,,,00.021980000000,   0.80000,
,,,00.021990000000,   0.00000,
,,,00.022000000000,   0.80000,
,,,00.022010000000,   0.80000,
,,,00.022020000000,   0.80000,
,,,00.022030000000,   0.80000,
,,,00.022040000000,   0.80000,
,,,00.022050000000,   0.80000,
,,,00.022060000000,   0.80000,
,,,00.022070000000,   0.80000,
,,,00.022080000000,   0.80000,
,,,00.022090000000,   0.80000,
,,,00.022100000000,   0.80000,
,,,00.022110000000,   0.00000,
,,,00.022120000000,   0.80000,
,,,00.022130000000,   0.80000,
,,,00.022140000000,   0.80000,
,,,00.022150000000,   0.80000,
,,,00.022160000000,   0.80000,
,,,00.022170000000,   0.80000,
,,,00.022180000000,   0.80000,
,,,00.022190000000,   0.80000,
,,,00.022200000000,   0.80000,
,,,00.022210000000,   0.80000,
,,,00.022220000000,   0.80000,
,,,00.022230000000,   0.80000,
,,,00.022240000000,   0.80000,
,,,00.022250000000,   0.00000,
,,,00.022260000000,   0.80000,
,,,00.022270000000,   0.80000,
,,,00.022280000000,   0.80000,
,,,00.022290000000,   0.80000,
,,,00.022300000000,   0.80000,
,,,00.022310000000,   0.80000,
,,,00.022320000000,   0.80000,
,,,00.022330000000,   0.80000,
,,,00.022340000000,   0.80000,
,,,00.022350000000,   0.80000,
,,,00.022360000000,   0.80000,
,,,00.022370000000,   0.80000,
,,,00.022380000000,   0.80000,
,,,00.022390000000,   0.80000,
,,,00.022400000000,   0.80000,
,,,00.022410000000,   0.80000,
,,,00.022420000000,   0.80000,
,,,00.022430000000,   0.80000,
,,,00.022440000000,   0.80000,
,,,00.022450000000,   0.80000,
,,,00.022460000000,   0.80000,
,,,00.022470000000,   0.80000,
,,,00.022480000000,   0.80000,
,,,00.022490000000,   0.00000,
,,,00.022500000000,   0.80000,
,,,00.022510000000,   0.80000,
,,,00.022520000000,   0.80000,
,,,00.022530000000,   0.80000,
,,,00.022540000000,   0.80000,
,,,00.022550000000,   0.80000,
,,,00.022560000000,   0.80000,
,,,00.022570000000,   0.80000,
,,,00.022580000000,   0.80000,
,,,00.022590000000,   0.80000,
,,,00.022600000000,   0.80000,
,,,00.022610000000,   0.80000,
,,,00.022620000000,   0.80000,
,,,00.022630000000,   0.80000,
,,,00.022640000000,   0.80000,
,,,00.022650000000,   0.80000,
,,,00.022660000000,   0.00000,
,,,00.022670000000,   0.80000,
,,,00.022680000000,   0.80000,
,,,00.022690000000,   0.80000,
,,,00.022700000000,   0.00000,
,,,00.022710000000,   0.80000,
,,,00.022720000000,   0.80000,
,,,00.022730000000,   0.00000,
,,,00.022740000000,   0.80000,
,,,00.022750000000,   0.80000,
,,,00.022760000000,   0.80000,
,,,00.022770000000,   0.80000,
,,,00.022780000000,   0.80000,
,,,00.022790000000,   0.80000,
,,,00.022800000000,   0.80000,
,,,00.022810000000,   0.80000,
,,,00.022820000000,   0.80000,
,,,00.022830000000,   0.80000,
,,,00.022840000000,   0.00000,
,,,00.022850000000,   0.80000,
,,,00.022860000000,   0.80000,
,,,00.022870000000,   0.00000,
,,,00.022880000000,   0.80000,
,,,00.022890000000,   0.80000,
,,,00.022900000000,   0.80000,
,,,00.022910000000,   0.80000,
,,,00.022920000000,   0.80000,
,,,00.022930000000,   0.80000,
,,,00.022940000000,   0.00000,
,,,00.022950000000,   0.80000,
,,,00.022960000000,   0.80000,
,,,00.022970000000,   0.80000,
,,,00.022980000000,   0.80000,
,,,00.022990000000,   0.80000,
,,,00.023000000000,   0.80000,
,,,00.023010000000,   0.80000,
,,,00.023020000000,   0.80000,
,,,00.023030000000,   0.80000,
,,,00.023040000000,   0.80000,
,,,00.023050000000,   0.80000,
,,,00.023060000000,   0.80000,
,,,00.023070000000,   0.80000,
,,,00.023080000000,   0.80000,
,,,00.023090000000,   0.80000,
,,,00.023100000000,   0.80000,
,,,00.023110000000,   0.00000,
,,,00.023120000000,   0.80000,
,,,00.023130000000,   0.80000,
,,,00.023140000000,   0.80000,
,,,00.023150000000,   0.80000,
,,,00.023160000000,   0.80000,
,,,00.023170000000,   0.80000,
,,,00.023180000000,   0.80000,
,,,00.023190000000,   0.80000,
,,,00.023200000000,   0.80000,
,,,00.023210000000,   0.00000,
,,,00.023220000000,   0.80000,
,,,00.023230000000,   0.80000,
,,,00.023240000000,   0.80000,
,,,00.023250000000,   0.80000,
,,,00.023260000000,   0.80000,
,,,00.023270000000,   0.80000,
,,,00.023280000000,   0.80000,
,,,00.023290000000,   0.80000,
,,,00.023300000000,   0.80000,
,,,00.023310000000,   0.80000,
,,,00.023320000000,   0.80000,
,,,00.023330000000,   0.00000,
,,,00.023340000000,   0.80000,
,,,00.023350000000,   0.80000,
,,,00.023360000000,   0.80000,
,,,00.023370000000,   0.80000,
,,,00.023380000000,   0.80000,
,,,00.023390000000,   0.80000,
,,,00.023400000000,   0.80000,
,,,00.023410000000,   0.80000,
,,,00.023420000000,   0.80000,
,,,00.023430000000,   0.80000,
,,,00.023440000000,   0.00000,
,,,00.023450000000,   0.80000,
,,,00.023460000000,   0.00000,
,,,00.023470000000,   0.80000,
,,,00.023480000000,   0.80000,
,,,00.023490000000,   0.80000,
,,,00.023500000000,   0.80000,
,,,00.023510000000,   0.80000,
,,,00.023520000000,   0.80000,
,,,00.023530000000,   0.80000,
,,,00.023540000000,   0.80000,
,,,00.023550000000,   0.80000,
,,,00.023560000000,   0.80000,
,,,00.023570000000,   0.80000,
,,,00.023580000000,   0.80000,
,,,00.023590000000,   0.00000,
,,,00.023600000000,   0.80000,
,,,00.023610000000,   0.80000,
,,,00.023620000000,   0.80000,
,,,00.023630000000,   0.80000,
,,,00.023640000000,   0.80000,
,,,00.023650000000,   0.80000,
,,,00.023660000000,   0.80000,
,,,00.023670000000,   0.80000,
,,,00.023680000000,   0.80000,
,,,00.023690000000,   0.80000,
,,,00.023700000000,   0.80000,
,,,00.023710000000,   0.80000,
,,,00.023720000000,   0.80000,
,,,00.023730000000,   0.80000,
,,,00.023740000000,   0.80000,
,,,00.023750000000,   0.00000,
,,,00.023760000000,   0.00000,
,,,00.023770000000,   0.80000,
,,,00.023780000000,   0.80000,
,,,00.023790000000,   0.80000,
,,,00.023800000000,   0.80000,
,,,00.023810000000,   0.80000,
,,,00.023820000000,   0.80000,
,,,00.023830000000,   0.80000,
,,,00.023840000000,   0.80000,
,,,00.023850000000,   0.80000,
,,,00.023860000000,   0.80000,
,,,00.023870000000,   0.80000,
,,,00.023880000000,   0.80000,
,,,00.023890000000,   0.80000,
,,,00.023900000000,   0.80000,
,,,00.023910000000,   0.80000,
,,,00.023920000000,   0.80000,
,,,00.023930000000,   0.80000,
,,,00.023940000000,   0.80000,
,,,00.023950000000,   0.80000,
,,,00.023960000000,   0.80000,
,,,00.023970000000,   0.80000,
,,,00.023980000000,   0.80000,
,,,00.023990000000,   0.80000,
,,,00.024000000000,   0.80000,
,,,00.024010000000,   0.00000,
,,,00.024020000000,   0.00000,
,,,00.024030000000,   0.80000,
,,,00.024040000000,   0.80000,
,,,00.024050000000,   0.80000,
,,,00.024060000000,   0.00000,
,,,00.024070000000,   0.80000,
,,,00.024080000000,   0.80000,
,,,00.024090000000,   0.80000,
,,,00.024100000000,   0.80000,
,,,00.024110000000,   0.80000,
,,,00.024120000000,   0.00000,
,,,00.024130000000,   0.80000,
,,,00.024140000000,   0.80000,
,,,00.024150000000,   0.80000,
,,,00.024160000000,   0.00000,
,,,00.024170000000,   0.80000,
,,,00.024180000000,   0.80000,
,,,00.024190000000,   0.80000,
,,,00.024200000000,   0.00000,
,,,00.024210000000,   0.80000,
,,,00.024220000000,   0.80000,
,,,00.024230000000,   0.80000,
,,,00.024240000000,   0.80000,
,,,00.024250000000,   0.80000,
,,,00.024260000000,   0.00000,
,,,00.024270000000,   0.80000,
,,,00.024280000000,   0.80000,
,,,00.024290000000,   0.80000,
,,,00.024300000000,   0.80000,
,,,00.024310000000,   0.80000,
,,,00.024320000000,   0.00000,
,,,00.024330000000,   0.80000,
,,,00.024340000000,   0.80000,
,,,00.024350000000,   0.80000,
,,,00.024360000000,   0.80000,
,,,00.024370000000,   0.80000,
,,,00.024380000000,   0.80000,
,,,00.024390000000,   0.80000,
,,,00.024400000000,   0.80000,
,,,00.024410000000,   0.80000,
,,,00.024420000000,   0.00000,
,,,00.024430000000,   0.80000,
,,,00.024440000000,   0.00000,
,,,00.024450000000,   0.80000,
,,,00.024460000000,   0.80000,
,,,00.024470000000,   0.80000,
,,,00.024480000000,   0.80000,
,,,00.024490000000,   0.80000,
